1.000000000000000021e-03 1.631106715901062785e+02 2.854248107756802710e+01
4.100000000000000172e-02 1.619689723470035574e+02 5.708496215513605421e+01
8.100000000000000255e-02 1.585438746176953941e+02 1.141699243102721084e+02
1.209999999999999964e-01 1.528353784021817887e+02 1.427124053878404766e+02
1.610000000000000042e-01 1.471268821866681549e+02 1.427124053878404766e+02
2.010000000000000120e-01 1.414183859711545495e+02 1.427124053878404766e+02
2.409999999999999920e-01 1.357098897556409156e+02 1.427124053878404766e+02
2.810000000000000275e-01 1.300013935401273102e+02 1.427124053878401355e+02
3.210000000000000075e-01 1.242928973246137048e+02 1.427124053878401355e+02
3.609999999999999876e-01 1.185844011091000993e+02 1.427124053878406755e+02
4.010000000000000231e-01 1.128759048935864513e+02 1.427124053878408461e+02
4.410000000000000031e-01 1.071674086780728317e+02 1.427124053878403060e+02
4.809999999999999831e-01 1.014589124625592262e+02 1.427124053878404766e+02
5.210000000000000187e-01 9.575041624704559240e+01 1.427124053878406755e+02
5.610000000000000542e-01 9.004192003153197277e+01 1.427124053878404766e+02
6.009999999999999787e-01 8.433342381601835314e+01 1.427124053878403060e+02
6.410000000000000142e-01 7.862492760050474772e+01 1.427124053878403060e+02
6.810000000000000497e-01 7.291643138499112808e+01 1.427124053878406755e+02
7.209999999999999742e-01 6.720793516947749424e+01 1.427124053878404766e+02
7.610000000000000098e-01 6.149943895396388882e+01 1.427124053878403913e+02
8.010000000000000453e-01 5.579094273845026208e+01 1.427124053878405903e+02
8.409999999999999698e-01 5.008244652293664245e+01 1.427124053878403913e+02
8.810000000000000053e-01 4.437395030742302993e+01 1.445370709724826952e+02
9.210000000000000409e-01 3.851948084513802684e+01 1.483798245511399898e+02
9.609999999999999654e-01 3.250356434333183131e+01 1.465551589664976007e+02
1.000999999999999890e+00 2.679506812781821878e+01 1.375823123443271641e+02
1.040999999999999925e+00 2.149697935578565833e+01 1.247385631031725950e+02
1.080999999999999961e+00 1.681598307956441118e+01 1.060373976192901608e+02
1.120999999999999996e+00 1.301398754624244525e+01 8.185907555964062965e+01
1.160999999999999810e+00 1.026725703479316110e+01 6.196450651783946739e+01
1.200999999999999845e+00 8.056827024815287785e+00 5.008616594231531849e+01
1.240999999999999881e+00 6.260363759407935547e+00 4.208355023562270247e+01
1.280999999999999917e+00 4.690143005965471623e+00 3.656539215361073047e+01
1.320999999999999952e+00 3.335132387119077002e+00 3.301513229194233645e+01
1.360999999999999988e+00 2.048932422610084458e+00 3.030567742530805830e+01
1.401000000000000023e+00 9.106781930944323200e-01 2.622719392725729293e+01
1.440999999999999837e+00 -4.924309157049877594e-02 2.154933056571424288e+01
1.480999999999999872e+00 -8.132682521627070393e-01 1.815607763241104777e+01
1.520999999999999908e+00 -1.501729302163382629e+00 1.607452435197716056e+01
1.560999999999999943e+00 -2.099230200320879813e+00 1.372285529534891424e+01
1.600999999999999979e+00 -2.599557725791295848e+00 1.105548700650961180e+01
1.641000000000000014e+00 -2.983669160841648793e+00 8.521757227087334741e+00
1.680999999999999828e+00 -3.281298303958282592e+00 6.027464029458545980e+00
1.720999999999999863e+00 -3.465866283198332454e+00 3.277590695927073750e+00
1.760999999999999899e+00 -3.543505559632448509e+00 7.454119007364534699e-01
1.800999999999999934e+00 -3.525499235257248731e+00 -1.243241531322641924e+00
1.840999999999999970e+00 -3.444046237126637156e+00 -2.408129365189237703e+00
1.881000000000000005e+00 -3.332848886042109715e+00 -3.249615374603587181e+00
1.920999999999999819e+00 -3.184077007158350181e+00 -3.894681151639339589e+00
1.960999999999999854e+00 -3.021274393910962530e+00 -3.756516660675584873e+00
2.000999999999999890e+00 -2.883555674304303373e+00 -2.885778542434430438e+00
2.040999999999999925e+00 -2.790412110516208077e+00 -2.260444398640054420e+00
2.080999999999999961e+00 -2.702720122413099002e+00 -1.919354518779936569e+00
2.120999999999999996e+00 -2.636863749013813152e+00 -1.434648715879044412e+00
2.161000000000000032e+00 -2.587948225142775449e+00 -1.270584913366890056e+00
2.201000000000000068e+00 -2.535216955944461947e+00 -1.497511767590564702e+00
2.241000000000000103e+00 -2.468147283735530273e+00 -1.874995084971026182e+00
2.281000000000000139e+00 -2.385217349146779853e+00 -2.251242368621442225e+00
2.320999999999999730e+00 -2.288047894245814895e+00 -2.490615414298319230e+00
2.360999999999999766e+00 -2.185968116002914297e+00 -2.456421081148418839e+00
2.400999999999999801e+00 -2.091534207753941388e+00 -2.630703371978315719e+00
2.440999999999999837e+00 -1.975511846244649039e+00 -2.990550290993554405e+00
2.480999999999999872e+00 -1.852290184474457035e+00 -3.051934228960245576e+00
2.520999999999999908e+00 -1.731357107927829375e+00 -3.079415162014986773e+00
2.560999999999999943e+00 -1.605936971513258094e+00 -3.434663511713306860e+00
2.600999999999999979e+00 -1.456584026990764835e+00 -3.804594082991041848e+00
2.641000000000000014e+00 -1.301569444873974746e+00 -3.848883923646692740e+00
2.681000000000000050e+00 -1.148673313099029425e+00 -3.761551896015729923e+00
2.721000000000000085e+00 -1.000645293192716334e+00 -3.627328621684188015e+00
2.761000000000000121e+00 -8.584870233642943882e-01 -3.344664544070270473e+00
2.801000000000000156e+00 -7.330721296670946741e-01 -2.853542849826787187e+00
2.840999999999999748e+00 -6.302035953781514044e-01 -2.188651064681830682e+00
2.880999999999999783e+00 -5.579800444925482328e-01 -1.533280389273449007e+00
2.920999999999999819e+00 -5.075411642362754883e-01 -1.032286430249686138e+00
2.960999999999999854e+00 -4.753971300725733373e-01 -6.096166951126392730e-01
3.000999999999999890e+00 -4.587718286272643442e-01 -2.475795142205652888e-01
3.040999999999999925e+00 -4.555907689349281142e-01 -4.101219340558945325e-02
3.080999999999999961e+00 -4.554908531548171879e-01 -9.014476533832083138e-03
3.120999999999999996e+00 -4.548696108122215476e-01 1.126767270264450449e-02
3.161000000000000032e+00 -4.563922669710287483e-01 1.056600190024264974e-01
3.201000000000000068e+00 -4.633224123324156674e-01 1.789125736978536274e-01
3.241000000000000103e+00 -4.707052728668570385e-01 5.368765824337110026e-02
3.281000000000000139e+00 -4.676174249918853554e-01 -1.739056375113255670e-01
3.321000000000000174e+00 -4.567928218659509931e-01 -2.902566124958198546e-01
3.360999999999999766e+00 -4.443968959922197648e-01 -3.272756163655951567e-01
3.400999999999999801e+00 -4.306107725567033806e-01 -3.813490018535786730e-01
3.440999999999999837e+00 -4.138889758439334710e-01 -4.379013076526723225e-01
3.480999999999999872e+00 -3.955786679444895926e-01 -4.932129546768276862e-01
3.520999999999999908e+00 -3.744319394697872561e-01 -6.210443787450170561e-01
3.560999999999999943e+00 -3.458951176448882281e-01 -7.672668133739963814e-01
3.600999999999999979e+00 -3.130505943998675433e-01 -8.600382494005403000e-01
3.641000000000000014e+00 -2.770920576928450063e-01 -8.956024856312975180e-01
3.681000000000000050e+00 -2.414023955493637408e-01 -8.904496176505911631e-01
3.721000000000000085e+00 -2.058560882807977110e-01 -8.754171012472968805e-01
3.761000000000000121e+00 -1.713690274495799915e-01 -8.993172644992525333e-01
3.801000000000000156e+00 -1.339107071208575084e-01 -9.394572791577022741e-01
3.840999999999999748e+00 -9.621244511696380730e-02 -8.914277956275803438e-01
3.880999999999999783e+00 -6.259648347065108198e-02 -7.574436568165912043e-01
3.920999999999999819e+00 -3.561695257163650929e-02 -5.946914383831374273e-01
3.960999999999999854e+00 -1.502116840000008655e-02 -4.452119071454563315e-01
4.001000000000000334e+00 0.000000000000000000e+00 -3.755292100000021671e-01
