0.000000000000000000e+00 2.139500042158526867e+02 2.230111090885600333e+01
1.578689775673262907e-02 2.135931864413109906e+02 4.460222181771289485e+01
3.157379551346525814e-02 2.125227331176858740e+02 8.920444363542667077e+01
4.736069327019788722e-02 2.107386442449773369e+02 1.338066654531395727e+02
6.314759102693051629e-02 2.082409198231854077e+02 1.561077763619955761e+02
7.893448878366314536e-02 2.057431954013934785e+02 1.561077763619973382e+02
9.472138654039577443e-02 2.032454709796014924e+02 1.561077763619982477e+02
1.105082842971284035e-01 2.007477465578095348e+02 1.561077763619955761e+02
1.262951820538610326e-01 1.982500221360176340e+02 1.561077763619955761e+02
1.420820798105936755e-01 1.957522977142256764e+02 1.561077763619964571e+02
1.578689775673262907e-01 1.932545732924337472e+02 1.561077763619973382e+02
1.736558753240589059e-01 1.907568488706417611e+02 1.561077763619973382e+02
1.894427730807915489e-01 1.882591244488498319e+02 1.561077763619955761e+02
2.052296708375241918e-01 1.857614000270579027e+02 1.561077763619973382e+02
2.210165685942568070e-01 1.832636756052659166e+02 1.561077763619973382e+02
2.368034663509894222e-01 1.807659511834739874e+02 1.561077763619955761e+02
2.525903641077220652e-01 1.782682267616820582e+02 1.561077763619964571e+02
2.683772618644547081e-01 1.757705023398901005e+02 1.561077763619973382e+02
2.841641596211873511e-01 1.732727779180981429e+02 1.561077763619973382e+02
2.999510573779199385e-01 1.707750534963061853e+02 1.561077763619955761e+02
3.157379551346525814e-01 1.682773290745142845e+02 1.561077763619964571e+02
3.315248528913852244e-01 1.657796046527222984e+02 1.561077763619973382e+02
3.473117506481178118e-01 1.632818802309303692e+02 1.561077763619955761e+02
3.630986484048504548e-01 1.607841558091384400e+02 1.561077763619973382e+02
3.788855461615830977e-01 1.582864313873464539e+02 1.561077763619973382e+02
3.946724439183157407e-01 1.557887069655545247e+02 1.561077763619955761e+02
4.104593416750483836e-01 1.532909825437625955e+02 1.561077763619973382e+02
4.262462394317809711e-01 1.507932581219706094e+02 1.561077763619964571e+02
4.420331371885136140e-01 1.482955337001787086e+02 1.561077763619955761e+02
4.578200349452462570e-01 1.457978092783867510e+02 1.561077763619964571e+02
4.736069327019788444e-01 1.433000848565948218e+02 1.561077763619973382e+02
4.893938304587114874e-01 1.408023604348028357e+02 1.561077763619973382e+02
5.051807282154441303e-01 1.383046360130109065e+02 1.561077763619964571e+02
5.209676259721767178e-01 1.358069115912189488e+02 1.561077763619973382e+02
5.367545237289094162e-01 1.333091871694269912e+02 1.561077763619964571e+02
5.525414214856420037e-01 1.308114627476350620e+02 1.561077763619964571e+02
5.683283192423747021e-01 1.283137383258431043e+02 1.561077763619969119e+02
5.841152169991072896e-01 1.258160139040511609e+02 1.561077763619960308e+02
5.999021147558398770e-01 1.233182894822592317e+02 1.561077763619969119e+02
6.156890125125725755e-01 1.208205650604672599e+02 1.561077763619969119e+02
6.314759102693051629e-01 1.183228406386753306e+02 1.561077763619960308e+02
6.472628080260377503e-01 1.158251162168833872e+02 1.561077763619964571e+02
6.630497057827704488e-01 1.133273917950914438e+02 1.561077763619969119e+02
6.788366035395030362e-01 1.108296673732994861e+02 1.561077763619964571e+02
6.946235012962356237e-01 1.083319429515075569e+02 1.561077763619960308e+02
7.104103990529683221e-01 1.058342185297156135e+02 1.561077763619969119e+02
7.261972968097009096e-01 1.033364941079236559e+02 1.561077763619973382e+02
7.419841945664336080e-01 1.008387696861316982e+02 1.561077763619969119e+02
7.577710923231661955e-01 9.834104526433975479e+01 1.561077763619964571e+02
7.735579900798987829e-01 9.584332084254781137e+01 1.561077763619964571e+02
7.893448878366314814e-01 9.334559642075586794e+01 1.561077763619969119e+02
8.051317855933640688e-01 9.084787199896391030e+01 1.561077763619964571e+02
8.209186833500967673e-01 8.835014757717198108e+01 1.561077763619964571e+02
8.367055811068293547e-01 8.585242315538002345e+01 1.561077763619973382e+02
8.524924788635619421e-01 8.335469873358806581e+01 1.561077763619969119e+02
8.682793766202946406e-01 8.085697431179612238e+01 1.561077763619960308e+02
8.840662743770272280e-01 7.835924989000419316e+01 1.561077763619960308e+02
8.998531721337598155e-01 7.586152546821224973e+01 1.561077763619964571e+02
9.156400698904925139e-01 7.336380104642030631e+01 1.561077763619964571e+02
9.314269676472251014e-01 7.086607662462836288e+01 1.683745279359878282e+02
9.472138654039576888e-01 6.797581615246869546e+01 1.925098651504821703e+02
9.630007631606903873e-01 6.470576093981293297e+01 1.802431135764905719e+02
9.787876609174229747e-01 6.220803651802099665e+01 1.580410903264914850e+02
9.945745586741556732e-01 5.964844604936520511e+01 1.662541734334825776e+02
1.010361456430888261e+00 5.688790296814955383e+01 1.697370991651867485e+02
1.026148354187620848e+00 5.421685887607922893e+01 1.626670733412327650e+02
1.041935251944353436e+00 5.168255662123010552e+01 1.454221527266657006e+02
1.057722149701086245e+00 4.956334998882592657e+01 1.146106359415035598e+02
1.073509047457818832e+00 4.801501627110199166e+01 1.191395041685410234e+02
1.089295945214551420e+00 4.575088585543261388e+01 1.351446291932789734e+02
1.105082842971284007e+00 4.369038813691706480e+01 1.190914371267075467e+02
1.120869740728016595e+00 4.193995986737797210e+01 1.072840404340840195e+02
1.136656638484749404e+00 4.025729884302637629e+01 1.036134490238789141e+02
1.152443536241481992e+00 3.862432949861384657e+01 9.562209349325078733e+01
1.168230433998214579e+00 3.719739185124235092e+01 8.919218326686939236e+01
1.184017331754947167e+00 3.577017963407402590e+01 8.326484673255075109e+01
1.199804229511679754e+00 3.453291675580072706e+01 7.371368343784135391e+01
1.215591127268412341e+00 3.341134176406310274e+01 6.220692635223423395e+01
1.231378025025145151e+00 3.254229511252923146e+01 4.958271410335568419e+01
1.247164922781877738e+00 3.182469491275572082e+01 3.988594713391901792e+01
1.262951820538610326e+00 3.126594480424382283e+01 3.062608814696532278e+01
1.278738718295342913e+00 3.084466009205283044e+01 1.960472151411796204e+01
1.294525616052075501e+00 3.063859371579204804e+01 6.454299933901563868e+00
1.310312513808808310e+00 3.063812249416798039e+01 -5.370683607644366475e+00
1.326099411565540898e+00 3.081045559123666777e+01 -1.174633526874835354e+01
1.341886309322273485e+00 3.101400522276792771e+01 -1.814189225431939079e+01
1.357673207079006072e+00 3.139099614337488831e+01 -2.545678848268262229e+01
1.373460104835738660e+00 3.182862245421377168e+01 -2.908277880650434000e+01
1.389247002592471247e+00 3.232164506518302716e+01 -3.252972534636943891e+01
1.405033900349204057e+00 3.286957366529759383e+01 -3.184300459354538759e+01
1.420820798105936644e+00 3.334062121217647956e+01 -2.997562044731893849e+01
1.436607695862669232e+00 3.382879351961179992e+01 -3.137541733520365739e+01
1.452394593619401819e+00 3.434463456690299665e+01 -3.013664275325500341e+01
1.468181491376134407e+00 3.479316608771596009e+01 -3.076237683424309921e+01
1.483968389132867216e+00 3.532903062559877583e+01 -3.247892299111998682e+01
1.499755286889599804e+00 3.583249162343179961e+01 -2.649871889170962547e+01
1.515542184646332391e+00 3.617698963013348390e+01 -2.273373232078679251e+01
1.531329082403064978e+00 3.655997105769697697e+01 -2.041237966544784399e+01
1.547115980159797566e+00 3.683018577942781491e+01 -1.491424357948134549e+01
1.562902877916530375e+00 3.703722685224038003e+01 -8.331577796734324082e+00
1.578689775673262963e+00 3.709679626892331328e+01 5.265754785100273949e+00
1.594476673429995550e+00 3.686872269911717126e+01 1.565278945094905616e+01
1.610263571186728138e+00 3.659590700649294348e+01 1.778409575342654136e+01
1.626050468943460725e+00 3.629963163500752188e+01 2.639794156110930601e+01
1.641837366700193535e+00 3.575117287653744569e+01 3.775576851426154690e+01
1.657624264456926122e+00 3.509144704255115244e+01 4.651971757785555894e+01
1.673411162213658709e+00 3.426254191404606786e+01 5.182751715130362413e+01
1.689198059970391297e+00 3.343296649370943641e+01 5.216402400080011148e+01
1.704984957727123884e+00 3.259329314602046423e+01 5.780392935265909671e+01
1.720771855483856472e+00 3.158324075442434520e+01 6.568606331711524149e+01
1.736558753240589281e+00 3.049133911987277656e+01 6.661606035580058460e+01
1.752345650997321869e+00 2.945152682303872638e+01 6.600882134779406840e+01
1.768132548754054456e+00 2.837905683674336643e+01 6.649280833957460857e+01
1.783919446510787044e+00 2.732375695617233902e+01 6.967591244239467585e+01
1.799706344267519631e+00 2.614942763858673658e+01 7.249059725943129706e+01
1.815493242024252440e+00 2.500405784387053743e+01 7.079374965874396253e+01
1.831280139780985028e+00 2.388402764950692969e+01 6.891214978397664481e+01
1.847067037537717615e+00 2.279886905078328496e+01 6.755182096190881680e+01
1.862853935294450203e+00 2.172236937872584761e+01 6.635543172581448346e+01
1.878640833051182790e+00 2.067549523555722146e+01 6.473817599350073237e+01
1.894427730807915378e+00 1.965074774693382409e+01 6.089975283967896758e+01
1.910214628564648187e+00 1.872670314468749453e+01 5.792465501703625108e+01
1.926001526321380775e+00 1.779715878638866400e+01 5.737822110461687686e+01
1.941788424078113362e+00 1.689060006933975444e+01 5.671739175556189849e+01
1.957575321834845949e+00 1.598220225021068330e+01 5.702270994382335800e+01
1.973362219591578537e+00 1.506587335113740700e+01 5.700789574334397258e+01
1.989149117348311346e+00 1.415794958642367618e+01 5.674196141694914530e+01
2.004936015105043712e+00 1.325013058579503422e+01 5.667220589823135413e+01
2.020722912861776521e+00 1.234443899768027286e+01 5.558226615256855752e+01
2.036509810618509331e+00 1.147149806891284030e+01 5.326613555034648329e+01
2.052296708375241696e+00 1.063992266006918541e+01 5.084791812077771311e+01
2.068083606131974506e+00 9.844364689047953476e+00 4.709992422383412958e+01
2.083870503888706871e+00 9.132725084906493151e+00 4.229160008012433281e+01
2.099657401645439680e+00 8.491033486483974713e+00 3.726232313409538932e+01
2.115444299402172490e+00 7.940330744615440750e+00 3.211463630750238707e+01
2.131231197158904855e+00 7.463365124643898341e+00 2.708277443217632552e+01
2.147018094915637665e+00 7.073681962785798305e+00 2.143330093917680657e+01
2.162804992672370030e+00 6.777499494590240481e+00 1.531329400472969304e+01
2.178591890429102840e+00 6.583656554634448099e+00 9.819437305845223563e+00
2.194378788185835649e+00 6.463277500803193298e+00 4.788874296764250360e+00
2.210165685942568015e+00 6.430412577137992081e+00 -5.508842159462068455e-01
2.225952583699300824e+00 6.480905795713471917e+00 -5.434151213402987679e+00
2.241739481456033189e+00 6.604305415966887693e+00 -1.021581463178669580e+01
2.257526379212765999e+00 6.807811863930646190e+00 -1.416045392898257482e+01
2.273313276969498808e+00 7.057439941694330088e+00 -1.703234236203926599e+01
2.289100174726231174e+00 7.352846819515902688e+00 -1.947491924680813469e+01
2.304887072482963983e+00 7.680637357592190462e+00 -2.093292002701549492e+01
2.320673970239696349e+00 8.022700260380398518e+00 -2.054218182832265427e+01
2.336460867996429158e+00 8.337987176098515363e+00 -1.934940624634345951e+01
2.352247765753161524e+00 8.641881260263389208e+00 -1.691711680823315689e+01
2.368034663509894333e+00 8.879334913961976383e+00 -1.405388175230887171e+01
2.383821561266627143e+00 9.091605476337273117e+00 -1.108227326870880880e+01
2.399608459023359508e+00 9.233967658560658265e+00 -7.379777330562664162e+00
2.415395356780092317e+00 9.327758350915278385e+00 -4.548279597776094363e+00
2.431182254536824683e+00 9.379512605689493299e+00 -1.869483735257471135e+00
2.446969152293557492e+00 9.387581830443517461e+00 1.567057596441268075e+00
2.462756050050290302e+00 9.329366762603372720e+00 4.222936896714157839e+00
2.478542947807022667e+00 9.252447849748664410e+00 7.270398455923698933e+00
2.494329845563755477e+00 9.096714012013814354e+00 1.054645931307218731e+01
2.510116743320487842e+00 8.914961151730354416e+00 1.299215482895732521e+01
2.525903641077220652e+00 8.680965057487179948e+00 1.652833238361239765e+01
2.541690538833953461e+00 8.386054515454757663e+00 1.908248213437257945e+01
2.557477436590685826e+00 8.070325629187257377e+00 1.989701586811995426e+01
2.573264334347418636e+00 7.749350007674919105e+00 2.101179773716171795e+01
2.589051232104151001e+00 7.397948101598082360e+00 2.118679840039983020e+01
2.604838129860883811e+00 7.071372458862124510e+00 2.073490652317905258e+01
2.620625027617616620e+00 6.734431092856352663e+00 2.055326571921251144e+01
2.636411925374348986e+00 6.413667955847324187e+00 1.961374755696110128e+01
2.652198823131081795e+00 6.106791171033597365e+00 1.878779259404009139e+01
2.667985720887814161e+00 5.812458592838041227e+00 1.827637722270827680e+01
2.683772618644546970e+00 5.521947099906932444e+00 1.714639230588249674e+01
2.699559516401279780e+00 5.263774039049801345e+00 1.575358822799691083e+01
2.715346414158012145e+00 5.017832276611031261e+00 1.371957400114368042e+01
2.731133311914744954e+00 4.824747671013203565e+00 1.071689307120085566e+01
2.746920209671477320e+00 4.674891698332603873e+00 7.033652682327668160e+00
2.762707107428210129e+00 4.599670785178718191e+00 2.340836528028106045e+00
2.778494005184942495e+00 4.599984929435704473e+00 -3.439532042248421906e+00
2.794280902941675304e+00 4.709735810530667699e+00 -9.780750818592226281e+00
2.810067800698408114e+00 4.912968955630655721e+00 -1.611012007008738678e+01
2.825854698455140479e+00 5.225259652773464047e+00 -2.249025879040239317e+01
2.841641596211873289e+00 5.632657236923532373e+00 -2.853265163311560570e+01
2.857428493968605654e+00 6.138304505033163494e+00 -3.441109025382496611e+01
2.873215391725338463e+00 6.733812125045931296e+00 -4.019157242475402114e+01
2.889002289482071273e+00 7.424434822625292085e+00 -4.459944739693549565e+01
2.904789187238803638e+00 8.160994441747867256e+00 -4.737990317163104237e+01
2.920576084995536448e+00 8.940591724117485484e+00 -4.928875774334101578e+01
2.936362982752268813e+00 9.738234689534779775e+00 -5.016975956189501318e+01
2.952149880509001623e+00 1.054602403009812583e+01 -5.130055475817935218e+01
2.967936778265734432e+00 1.137985244179651900e+01 -5.201897614928402191e+01
2.983723676022466798e+00 1.221063126687521461e+01 -4.715417104387692149e+01
2.999510573779199607e+00 1.288878591520058059e+01 -3.889703317891957113e+01
3.015297471535931972e+00 1.345533632860064088e+01 -3.125570073634303725e+01
3.031084369292664782e+00 1.388896833876355785e+01 -2.338438453140212303e+01
3.046871267049397591e+00 1.420363663360550888e+01 -1.439490366969264912e+01
3.062658164806129957e+00 1.434960525619372262e+01 -4.864083943579067260e+00
3.078445062562862766e+00 1.435928731980003903e+01 5.082540613736529878e+00
3.094231960319595132e+00 1.418696395655415365e+01 8.220662045933469386e+00
3.110018858076327941e+00 1.409622613433016802e+01 5.635269683180510469e+00
3.125805755833060751e+00 1.400663532669237732e+01 3.186505408465323264e+00
3.141592653589793116e+00 1.399425796125927768e+01 7.735853395687275480e-01
