0.000000000000000000e+00 3.449980547856263229e+02 4.069090841621658683e+01
1.578689775673262907e-02 3.443470002509668575e+02 8.138181683242962094e+01
3.157379551346525814e-02 3.423938366469885750e+02 1.627636336648610040e+02
4.736069327019788722e-02 3.391385639736913049e+02 2.441454504972959683e+02
6.314759102693051629e-02 3.345811822310751040e+02 2.848363589135107645e+02
7.893448878366314536e-02 3.300238004884589600e+02 2.848363589135072402e+02
9.472138654039577443e-02 3.254664187458428728e+02 2.848363589135090024e+02
1.105082842971284035e-01 3.209090370032266719e+02 2.848363589135107645e+02
1.262951820538610326e-01 3.163516552606105279e+02 2.848363589135090024e+02
1.420820798105936755e-01 3.117942735179943838e+02 2.848363589135090024e+02
1.578689775673262907e-01 3.072368917753782398e+02 2.848363589135107645e+02
1.736558753240589059e-01 3.026795100327620389e+02 2.848363589135107645e+02
1.894427730807915489e-01 2.981221282901458949e+02 2.848363589135090024e+02
2.052296708375241918e-01 2.935647465475297508e+02 2.848363589135090024e+02
2.210165685942568070e-01 2.890073648049136068e+02 2.848363589135090024e+02
2.368034663509894222e-01 2.844499830622974628e+02 2.848363589135107645e+02
2.525903641077220652e-01 2.798926013196812619e+02 2.848363589135107645e+02
2.683772618644547081e-01 2.753352195770651178e+02 2.848363589135090024e+02
2.841641596211873511e-01 2.707778378344489738e+02 2.848363589135090024e+02
2.999510573779199385e-01 2.662204560918328298e+02 2.848363589135107645e+02
3.157379551346525814e-01 2.616630743492166289e+02 2.848363589135107645e+02
3.315248528913852244e-01 2.571056926066004849e+02 2.848363589135090024e+02
3.473117506481178118e-01 2.525483108639843408e+02 2.848363589135090024e+02
3.630986484048504548e-01 2.479909291213681968e+02 2.848363589135099119e+02
3.788855461615830977e-01 2.434335473787520243e+02 2.848363589135107645e+02
3.946724439183157407e-01 2.388761656361358519e+02 2.848363589135099119e+02
4.104593416750483836e-01 2.343187838935197078e+02 2.848363589135090024e+02
4.262462394317809711e-01 2.297614021509035638e+02 2.848363589135099119e+02
4.420331371885136140e-01 2.252040204082873913e+02 2.848363589135107645e+02
4.578200349452462570e-01 2.206466386656712189e+02 2.848363589135099119e+02
4.736069327019788444e-01 2.160892569230550748e+02 2.848363589135090024e+02
4.893938304587114874e-01 2.115318751804389308e+02 2.848363589135099119e+02
5.051807282154441303e-01 2.069744934378227583e+02 2.848363589135090024e+02
5.209676259721767178e-01 2.024171116952066427e+02 2.848363589135090024e+02
5.367545237289094162e-01 1.978597299525904702e+02 2.848363589135107645e+02
5.525414214856420037e-01 1.933023482099742978e+02 2.848363589135090024e+02
5.683283192423747021e-01 1.887449664673581822e+02 2.848363589135090024e+02
5.841152169991072896e-01 1.841875847247420097e+02 2.848363589135099119e+02
5.999021147558398770e-01 1.796302029821258657e+02 2.848363589135107645e+02
6.156890125125725755e-01 1.750728212395096648e+02 2.848363589135099119e+02
6.314759102693051629e-01 1.705154394968935492e+02 2.848363589135080929e+02
6.472628080260377503e-01 1.659580577542774051e+02 2.848363589135099119e+02
6.630497057827704488e-01 1.614006760116612327e+02 2.848363589135099119e+02
6.788366035395030362e-01 1.568432942690450886e+02 2.848363589135099119e+02
6.946235012962356237e-01 1.522859125264289162e+02 2.848363589135099119e+02
7.104103990529683221e-01 1.477285307838127721e+02 2.848363589135099119e+02
7.261972968097009096e-01 1.431711490411965997e+02 2.848363589135099119e+02
7.419841945664336080e-01 1.386137672985804556e+02 2.848363589135099119e+02
7.577710923231661955e-01 1.340563855559642832e+02 2.848363589135099119e+02
7.735579900798987829e-01 1.294990038133481391e+02 2.848363589135094571e+02
7.893448878366314814e-01 1.249416220707319809e+02 2.848363589135103098e+02
8.051317855933640688e-01 1.203842403281158084e+02 2.848363589135103098e+02
8.209186833500967673e-01 1.158268585854996502e+02 2.848363589135099119e+02
8.367055811068293547e-01 1.112694768428834919e+02 2.848363589135099119e+02
8.524924788635619421e-01 1.067120951002673337e+02 2.848363589135099119e+02
8.682793766202946406e-01 1.021547133576511754e+02 2.848363589135090024e+02
8.840662743770272280e-01 9.759733161503504562e+01 2.848363589135085476e+02
8.998531721337598155e-01 9.303994987241890158e+01 2.848363589135099119e+02
9.156400698904925139e-01 8.848256812980272912e+01 2.848363589135099119e+02
9.314269676472251014e-01 8.392518638718658508e+01 2.848363589135099119e+02
9.472138654039576888e-01 7.936780464457041262e+01 2.848363589135099119e+02
9.630007631606903873e-01 7.481042290195426858e+01 2.875900749629236657e+02
9.787876609174229747e-01 7.016492224575685555e+01 2.863776980173952893e+02
9.945745586741556732e-01 6.564633656539761830e+01 2.836239819679813081e+02
1.010361456430888261e+00 6.108895482278145295e+01 2.746168415962830522e+02
1.026148354187620848e+00 5.685859763431655978e+01 2.568327693907203866e+02
1.041935251944353436e+00 5.287030620227839961e+01 2.409473340023075991e+02
1.057722149701086245e+00 4.914828294624271621e+01 2.212914107753844917e+02
1.073509047457818832e+00 4.578898105746609559e+01 1.981028659123089710e+02
1.089295945214551420e+00 4.280899123704882925e+01 1.794206325804217386e+02
1.105082842971284007e+00 4.004752081489260007e+01 1.583926008767657549e+02
1.120869740728016595e+00 3.774042800899232475e+01 1.420802422471050193e+02
1.136656638484749404e+00 3.550095306298523923e+01 1.332561788716233195e+02
1.152443536241481992e+00 3.347623028510037813e+01 1.185920232349230190e+02
1.168230433998214579e+00 3.170600831946770271e+01 1.059124003473198599e+02
1.184017331754947167e+00 3.008703347398614270e+01 9.381528133356609089e+01
1.199804229511679754e+00 2.870391931679358777e+01 7.924715171448815454e+01
1.215591127268412341e+00 2.755112461912252186e+01 6.581204821099562707e+01
1.231378025025145151e+00 2.659793377404172787e+01 5.210116586591762200e+01
1.247164922781877738e+00 2.588388731141315802e+01 3.900365700435948213e+01
1.262951820538610326e+00 2.534981674990222444e+01 2.933226554055090674e+01
1.278738718295342913e+00 2.494525481411552903e+01 2.127430371082228433e+01
1.294525616052075501e+00 2.466903903115591135e+01 1.106947786267586942e+01
1.310312513808808310e+00 2.459103152250990121e+01 5.886879393006694272e-01
1.326099411565540898e+00 2.465020101709828992e+01 -7.552030626029937466e+00
1.341886309322273485e+00 2.483269650254285921e+01 -1.404176675284329789e+01
1.357673207079006072e+00 2.509953755318927549e+01 -2.261291584332303373e+01
1.373460104835738660e+00 2.555630980952919629e+01 -3.257195957870528957e+01
1.389247002592471247e+00 2.614184025970784475e+01 -4.189574896737268972e+01
1.405033900349204057e+00 2.689697377648512244e+01 -4.957511214197340621e+01
1.420820798105936644e+00 2.772824384825099386e+01 -5.560486670676334597e+01
1.436607695862669232e+00 2.867632951110154949e+01 -5.882653140563420635e+01
1.452394593619401819e+00 2.961069285323128852e+01 -6.086877423831182909e+01
1.468181491376134407e+00 3.062413028672752802e+01 -5.681359282375630926e+01
1.483968389132867216e+00 3.142872782359149042e+01 -4.568430275513301808e+01
1.499755286889599804e+00 3.208602797489178471e+01 -3.543324925692392924e+01
1.515542184646332391e+00 3.256259179981305607e+01 -2.542244202889087745e+01
1.531329082403064978e+00 3.289954611981629284e+01 -1.326527194365945128e+01
1.547115980159797566e+00 3.298708050201015851e+01 -1.281550606261339098e+00
1.562902877916530375e+00 3.294055573921665570e+01 9.025813461517095959e+00
1.578689775673262963e+00 3.269825447124161144e+01 1.758169410767407115e+01
1.594476673429995550e+00 3.237794152777108536e+01 1.841181490510712493e+01
1.610263571186728138e+00 3.210907639427818339e+01 1.926292589004485833e+01
1.626050468943460725e+00 3.176152789928964992e+01 2.570666213370342845e+01
1.641837366700193535e+00 3.128646320599967368e+01 3.031776167938549094e+01
1.657624264456926122e+00 3.079135952554931421e+01 3.281150829902612287e+01
1.673411162213658709e+00 3.023649494043083763e+01 3.735499358717409280e+01
1.689198059970391297e+00 2.959599973075974333e+01 4.004206962207879172e+01
1.704984957727123884e+00 2.895514871252431632e+01 4.623662038555031728e+01
1.720771855483856472e+00 2.811642787842213309e+01 5.298390890981973911e+01
1.736558753240589281e+00 2.725966362741008453e+01 5.292678477836720674e+01
1.752345650997321869e+00 2.642277076551438242e+01 5.264451268434078202e+01
1.768132548754054456e+00 2.557503922151117948e+01 5.242708519507910125e+01
1.783919446510787044e+00 2.474510403927185109e+01 5.073883554972869092e+01
1.799706344267519631e+00 2.395139648391986142e+01 4.920142033527163505e+01
1.815493242024252440e+00 2.317065858854315863e+01 4.707808870957730107e+01
1.831280139780985028e+00 2.244489764521338770e+01 4.533338849744550458e+01
1.847067037537717615e+00 2.171999015662490251e+01 4.549602815801767264e+01
1.862853935294450203e+00 2.098902474415682207e+01 4.617697202614490237e+01
1.878640833051182790e+00 2.024232705178826563e+01 4.717185077187046716e+01
1.894427730807915378e+00 1.947952551945696698e+01 4.804498553673474959e+01
1.910214628564648187e+00 1.870488751461275356e+01 4.807604076089133827e+01
1.926001526321380775e+00 1.794109221510844421e+01 4.752745717034256501e+01
1.941788424078113362e+00 1.718400888516179137e+01 4.673813330415599410e+01
1.957575321834845949e+00 1.644547194937545243e+01 4.635102940526336823e+01
1.973362219591578537e+00 1.570077594419336364e+01 4.656662086498658226e+01
1.989149117348311346e+00 1.495534008169588169e+01 4.622240758788836956e+01
2.004936015105043712e+00 1.422165890138093580e+01 4.585253292788454615e+01
2.020722912861776521e+00 1.348805902800357615e+01 4.650368457000847400e+01
2.036509810618509331e+00 1.273354099514066462e+01 4.700207155967550676e+01
2.052296708375241696e+00 1.198399273809395993e+01 4.625600184512945390e+01
2.068083606131974506e+00 1.125334893609652198e+01 4.456582464093505536e+01
2.083870503888706871e+00 1.055788634958403804e+01 4.139535611109224078e+01
2.099657401645439680e+00 9.928697540541570277e+00 3.729558653399767110e+01
2.115444299402172490e+00 9.364427580496112569e+00 3.260381335022039195e+01
2.131231197158904855e+00 8.885375513334517805e+00 2.686648663924206915e+01
2.147018094915637665e+00 8.504700008040366299e+00 2.063271957759088693e+01
2.162804992672370030e+00 8.225128486851609466e+00 1.489161483024770050e+01
2.178591890429102840e+00 8.028168333472439855e+00 9.359657383703201106e+00
2.194378788185835649e+00 7.925619450573107017e+00 3.699280391076448016e+00
2.210165685942568015e+00 7.909791360957993511e+00 -1.684981392989615134e+00
2.225952583699300824e+00 7.979538855148774701e+00 -6.578490291420630243e+00
2.241739481456033189e+00 8.120303050283453672e+00 -1.048995293483434565e+01
2.257526379212765999e+00 8.315217349063473762e+00 -1.363282061832760128e+01
2.273313276969498808e+00 8.556553310069936913e+00 -1.618781670646307447e+01
2.289100174726231174e+00 8.833227483670292202e+00 -1.770621428205026859e+01
2.304887072482963983e+00 9.123152167095545551e+00 -1.791849931957184694e+01
2.320673970239696349e+00 9.406619461896591261e+00 -1.656402900498993347e+01
2.336460867996429158e+00 9.653201095255223407e+00 -1.393552259281455363e+01
2.352247765753161524e+00 9.852556184866656963e+00 -1.078171905789326779e+01
2.368034663509894333e+00 9.998216105107808005e+00 -6.848267743999048029e+00
2.383821561266627143e+00 1.007170075267462650e+01 -3.338164264741871889e+00
2.399608459023359508e+00 1.010503736157954791e+01 -1.502318072854613717e-01
2.415395356780092317e+00 1.007650817050776126e+01 3.285110540523161760e+00
2.431182254536824683e+00 9.999913824282806729e+00 5.175789125205054297e+00
2.446969152293557492e+00 9.910882918501199512e+00 6.047254491291287337e+00
2.462756050050290302e+00 9.806401680561485534e+00 7.110732658533846617e+00
2.478542947807022667e+00 9.683339473428116406e+00 7.426516089138468502e+00
2.494329845563755477e+00 9.568753165709054542e+00 8.620867560164835908e+00
2.510116743320487842e+00 9.407471711502841671e+00 9.692173886327870136e+00
2.525903641077220652e+00 9.258603601346562684e+00 1.037774975563082691e+01
2.541690538833953461e+00 9.075383719322655196e+00 1.288040863981970752e+01
2.557477436590685826e+00 8.846430524872332057e+00 1.523819221029043547e+01
2.573264334347418636e+00 8.587761568593361261e+00 1.648691364785176461e+01
2.589051232104151001e+00 8.318849288141075604e+00 1.771669486651861192e+01
2.604838129860883811e+00 8.020827332864765680e+00 1.845568183085585900e+01
2.620625027617616620e+00 7.728267469553688152e+00 1.900591613394750468e+01
2.636411925374348986e+00 7.412638016578445566e+00 1.884265075031699155e+01
2.652198823131081795e+00 7.125302645543544422e+00 1.752876860472884957e+01
2.667985720887814161e+00 6.851717421227122351e+00 1.610032837675792550e+01
2.683772618644546970e+00 6.610092137487290742e+00 1.479915712484758394e+01
2.699559516401279780e+00 6.378144393231999665e+00 1.353654546773264045e+01
2.715346414158012145e+00 6.176922682519846219e+00 1.144973284829178795e+01
2.731133311914744954e+00 6.011752942086662443e+00 8.993547666076379343e+00
2.746920209671477320e+00 5.889129157205402088e+00 6.462976241792095067e+00
2.762707107428210129e+00 5.804937702349315387e+00 2.869533483384950401e+00
2.778494005184942495e+00 5.797304085737083668e+00 -1.414341821882103556e+00
2.794280902941675304e+00 5.850196640649542701e+00 -6.477193359380739146e+00
2.810067800698408114e+00 6.004574273237267334e+00 -1.207758167114852910e+01
2.825854698455140479e+00 6.236679254126295646e+00 -1.736824779292428644e+01
2.841641596211873289e+00 6.560358202610844458e+00 -2.218520538361937255e+01
2.857428493968605654e+00 6.946605826402115547e+00 -2.611171230554362666e+01
2.873215391725338463e+00 7.395932996388240532e+00 -2.877342240090455050e+01
2.889002289482071273e+00 7.867355343231061227e+00 -2.915818640946119089e+01
2.904789187238803638e+00 8.328994961490998605e+00 -2.785469530646450309e+01
2.920576084995536448e+00 8.758705593037925397e+00 -2.643831073625080208e+01
2.936362982752268813e+00 9.175020905051024300e+00 -2.495365310202573994e+01
2.952149880509001623e+00 9.557222492302749117e+00 -2.417713401583471011e+01
2.967936778265734432e+00 9.948689193557735067e+00 -2.366422433747905529e+01
2.983723676022466798e+00 1.031447767110207892e+01 -2.148466543227767289e+01
2.999510573779199607e+00 1.063619848739062057e+01 -2.054618694965298786e+01
3.015297471535931972e+00 1.097195565349097457e+01 -2.256277611692935992e+01
3.031084369292664782e+00 1.135820732313236014e+01 -2.565476407397837377e+01
3.046871267049397591e+00 1.179290810385828259e+01 -2.673886801870395402e+01
3.062658164806129957e+00 1.221385109973088667e+01 -2.132739801842470229e+01
3.078445062562862766e+00 1.247538484044787310e+01 -1.282729552570710574e+01
3.094231960319595132e+00 1.262432455655351404e+01 -1.072397568569965998e+01
3.110018858076327941e+00 1.281855206239026224e+01 -1.320286881342680374e+01
3.125805755833060751e+00 1.304681635858317179e+01 -1.023152021756318319e+01
3.141592653589793116e+00 1.314596070935228411e+01 -6.196521923069520099e+00
