0.000000000000000000e+00 4.942460365787043202e+02 6.258948190648183640e+01
1.578689775673262907e-02 4.932446048682006108e+02 1.251789638129512383e+02
3.157379551346525814e-02 4.902403097366898805e+02 2.503579276258989239e+02
4.736069327019788722e-02 4.852331511841718452e+02 3.755368914388519102e+02
6.314759102693051629e-02 4.782231292106466185e+02 4.381263733453266696e+02
7.893448878366314536e-02 4.712131072371213918e+02 4.381263733453249074e+02
9.472138654039577443e-02 4.642030852635962219e+02 4.381263733453266696e+02
1.105082842971284035e-01 4.571930632900709384e+02 4.381263733453284317e+02
1.262951820538610326e-01 4.501830413165457117e+02 4.381263733453266696e+02
1.420820798105936755e-01 4.431730193430204849e+02 4.381263733453266696e+02
1.578689775673262907e-01 4.361629973694952582e+02 4.381263733453249074e+02
1.736558753240589059e-01 4.291529753959700884e+02 4.381263733453266696e+02
1.894427730807915489e-01 4.221429534224448048e+02 4.381263733453266696e+02
2.052296708375241918e-01 4.151329314489196349e+02 4.381263733453249074e+02
2.210165685942568070e-01 4.081229094753944082e+02 4.381263733453284317e+02
2.368034663509894222e-01 4.011128875018691247e+02 4.381263733453284317e+02
2.525903641077220652e-01 3.941028655283438979e+02 4.381263733453266696e+02
2.683772618644547081e-01 3.870928435548186712e+02 4.381263733453249074e+02
2.841641596211873511e-01 3.800828215812935014e+02 4.381263733453249074e+02
2.999510573779199385e-01 3.730727996077682747e+02 4.381263733453266696e+02
3.157379551346525814e-01 3.660627776342430479e+02 4.381263733453266696e+02
3.315248528913852244e-01 3.590527556607178212e+02 4.381263733453266696e+02
3.473117506481178118e-01 3.520427336871925945e+02 4.381263733453266696e+02
3.630986484048504548e-01 3.450327117136673678e+02 4.381263733453266696e+02
3.788855461615830977e-01 3.380226897401421411e+02 4.381263733453266696e+02
3.946724439183157407e-01 3.310126677666169144e+02 4.381263733453266696e+02
4.104593416750483836e-01 3.240026457930916877e+02 4.381263733453249074e+02
4.262462394317809711e-01 3.169926238195665178e+02 4.381263733453249074e+02
4.420331371885136140e-01 3.099826018460412911e+02 4.381263733453284317e+02
4.578200349452462570e-01 3.029725798725160075e+02 4.381263733453284317e+02
4.736069327019788444e-01 2.959625578989907808e+02 4.381263733453249074e+02
4.893938304587114874e-01 2.889525359254656109e+02 4.381263733453249074e+02
5.051807282154441303e-01 2.819425139519403842e+02 4.381263733453266696e+02
5.209676259721767178e-01 2.749324919784151575e+02 4.381263733453266696e+02
5.367545237289094162e-01 2.679224700048899308e+02 4.381263733453266696e+02
5.525414214856420037e-01 2.609124480313647041e+02 4.381263733453266696e+02
5.683283192423747021e-01 2.539024260578394774e+02 4.381263733453266696e+02
5.841152169991072896e-01 2.468924040843142507e+02 4.381263733453266696e+02
5.999021147558398770e-01 2.398823821107890240e+02 4.381263733453266696e+02
6.156890125125725755e-01 2.328723601372637972e+02 4.381263733453266696e+02
6.314759102693051629e-01 2.258623381637385705e+02 4.381263733453266696e+02
6.472628080260377503e-01 2.188523161902133438e+02 4.381263733453266696e+02
6.630497057827704488e-01 2.118422942166881171e+02 4.381263733453257601e+02
6.788366035395030362e-01 2.048322722431629188e+02 4.381263733453257601e+02
6.946235012962356237e-01 1.978222502696376921e+02 4.381263733453266696e+02
7.104103990529683221e-01 1.908122282961124654e+02 4.381263733453257601e+02
7.261972968097009096e-01 1.838022063225872671e+02 4.381263733453257601e+02
7.419841945664336080e-01 1.767921843490620404e+02 4.381263733453266696e+02
7.577710923231661955e-01 1.697821623755368137e+02 4.381263733453266696e+02
7.735579900798987829e-01 1.627721404020115870e+02 4.381263733453275222e+02
7.893448878366314814e-01 1.557621184284863318e+02 4.381263733453275222e+02
8.051317855933640688e-01 1.487520964549611051e+02 4.381263733453257601e+02
8.209186833500967673e-01 1.417420744814359068e+02 4.381263733453257601e+02
8.367055811068293547e-01 1.347320525079106801e+02 4.381263733453266696e+02
8.524924788635619421e-01 1.277220305343854534e+02 4.381263733453266696e+02
8.682793766202946406e-01 1.207120085608602267e+02 4.381263733453262148e+02
8.840662743770272280e-01 1.137019865873350142e+02 4.381263733453262148e+02
8.998531721337598155e-01 1.066919646138097875e+02 4.381263733453266696e+02
9.156400698904925139e-01 9.968194264028456075e+01 4.594125412340929984e+02
9.314269676472251014e-01 9.199076329431881049e+01 4.673888252024061103e+02
9.472138654039576888e-01 8.472550023380756556e+01 4.461026573136397246e+02
9.630007631606903873e-01 7.771547826028233885e+01 4.249796016711005109e+02
9.787876609174229747e-01 7.112615298033234978e+01 3.960421359458932216e+02
9.945745586741556732e-01 6.504212991001375599e+01 3.638137871729265385e+02
1.010361456430888261e+00 5.948411179079869981e+01 3.332133206360778672e+02
1.026148354187620848e+00 5.437930364965926344e+01 2.757926799439982233e+02
1.041935251944353436e+00 5.065874603259075570e+01 2.238654842526719335e+02
1.057722149701086245e+00 4.721560815357376129e+01 2.024480668169419459e+02
1.073509047457818832e+00 4.418040789444861360e+01 1.795691073541896117e+02
1.089295945214551420e+00 4.146939671823969320e+01 1.634401801937426342e+02
1.105082842971284007e+00 3.895032212824884965e+01 1.499317865827189848e+02
1.120869740728016595e+00 3.667157954759268534e+01 1.309087749478607918e+02
1.136656638484749404e+00 3.476124132991730420e+01 1.160644032470359264e+02
1.152443536241481992e+00 3.295751864368753559e+01 1.080417716644812600e+02
1.168230433998214579e+00 3.130390463665390399e+01 9.729853837227942392e+01
1.184017331754947167e+00 2.984396541577459416e+01 8.637167261973854693e+01
1.199804229511679754e+00 2.854001111282227043e+01 7.382656959994282886e+01
1.215591127268412341e+00 2.748151518857642372e+01 5.975928601436219623e+01
1.231378025025145151e+00 2.662771396036268001e+01 4.850060691603885488e+01
1.247164922781877738e+00 2.592949576726318028e+01 3.774137194122273087e+01
1.262951820538610326e+00 2.541999005824355251e+01 2.715256622130846154e+01
1.278738718295342913e+00 2.506061364818130954e+01 1.607088200496153974e+01
1.294525616052075501e+00 2.490572183408478324e+01 4.918970534120825633e+00
1.310312513808808310e+00 2.490320659108944312e+01 -3.907797690536729540e+00
1.326099411565540898e+00 2.503077136018195858e+01 -1.112694286332738258e+01
1.341886309322273485e+00 2.525926876271591937e+01 -1.826813394140935998e+01
1.357673207079006072e+00 2.561535164630705808e+01 -2.581563668875896767e+01
1.373460104835738660e+00 2.608536913675620639e+01 -3.268426806303170906e+01
1.389247002592471247e+00 2.666124822432407271e+01 -3.686987991223733729e+01
1.405033900349204057e+00 2.726520529394780112e+01 -3.845967140475192991e+01
1.420820798105936644e+00 2.789195770927613438e+01 -4.025756117584533200e+01
1.436607695862669232e+00 2.855344725157485186e+01 -4.157724625615899328e+01
1.452394593619401819e+00 2.922242958947322222e+01 -3.965408576864015799e+01
1.468181491376134407e+00 2.982237799617133689e+01 -3.457330809275260464e+01
1.483968389132867216e+00 3.032877544844130568e+01 -2.897631433439395821e+01
1.499755286889599804e+00 3.074962005487194361e+01 -2.425220139524320118e+01
1.515542184646332391e+00 3.110484589308908809e+01 -1.992166611282708644e+01
1.531329082403064978e+00 3.138711337048241035e+01 -1.341476618986026104e+01
1.547115980159797566e+00 3.153411841116461645e+01 -5.571440396407889573e+00
1.562902877916530375e+00 3.156539946316746281e+01 7.327128791806414299e-01
1.578689775673262963e+00 3.151067159903083592e+01 3.623870946792728809e+00
1.594476673429995550e+00 3.144943559287009549e+01 7.002584144987666903e+00
1.610263571186728138e+00 3.128658890639123058e+01 1.314426376634514249e+01
1.626050468943460725e+00 3.102881915234705090e+01 2.078046233212138461e+01
1.641837366700193535e+00 3.062161411176334624e+01 2.973356959768946695e+01
1.657624264456926122e+00 3.007734492522098790e+01 3.632704663970964987e+01
1.673411162213658709e+00 2.945914861929263751e+01 4.044850450621972726e+01
1.689198059970391297e+00 2.878299278102195657e+01 4.694153777103004899e+01
1.704984957727123884e+00 2.795701941061967588e+01 5.207043769415775358e+01
1.720771855483856472e+00 2.711673877480890837e+01 5.431525174821705093e+01
1.736558753240589281e+00 2.621893135467673019e+01 5.445388351214408118e+01
1.752345650997321869e+00 2.537421450242029763e+01 4.965279595986726946e+01
1.768132548754054456e+00 2.463004188396097760e+01 4.659138209391133501e+01
1.783919446510787044e+00 2.388329027541513483e+01 4.610804291312287262e+01
1.799706344267519631e+00 2.315458451074104573e+01 4.361840884445155808e+01
1.815493242024252440e+00 2.248750119239268486e+01 4.236780099171622282e+01
1.831280139780985028e+00 2.179881487900612669e+01 4.207090829077697691e+01
1.847067037537717615e+00 2.114123212708782162e+01 4.076631019077436946e+01
1.862853935294450203e+00 2.049429295290134689e+01 4.183537753997412523e+01
1.878640833051182790e+00 1.980250004580864953e+01 4.260115650494711304e+01
1.894427730807915378e+00 1.913105594474303928e+01 4.260467049538740980e+01
1.910214628564648187e+00 1.843915058995625245e+01 4.407399557986957461e+01
1.926001526321380775e+00 1.772068808618721292e+01 4.438492329749310272e+01
1.941788424078113362e+00 1.701883304443647305e+01 4.382982993371997793e+01
1.957575321834845949e+00 1.631813352830817365e+01 4.446690675346354027e+01
1.973362219591578537e+00 1.559589202832563970e+01 4.412281635819837078e+01
1.989149117348311346e+00 1.490620340484582584e+01 4.303861957333315758e+01
2.004936015105043712e+00 1.421865620197897861e+01 4.229471057387934252e+01
2.020722912861776521e+00 1.355277266648168677e+01 4.115797296649409276e+01
2.036509810618509331e+00 1.290160106705116760e+01 3.994155319283265726e+01
2.052296708375241696e+00 1.227464296431104174e+01 3.829617509336608094e+01
2.068083606131974506e+00 1.167612346406345303e+01 3.589225605592915969e+01
2.083870503888706871e+00 1.112609077052130857e+01 3.410988625855399192e+01
2.099657401645439680e+00 1.058460710378972536e+01 3.218813763685218987e+01
2.115444299402172490e+00 1.009607036614203857e+01 2.858887867417631057e+01
2.131231197158904855e+00 9.669762986216083434e+00 2.441887477214238444e+01
2.147018094915637665e+00 9.314666373433482249e+00 2.032333071919245526e+01
2.162804992672370030e+00 9.019416403201924837e+00 1.627895179013827232e+01
2.178591890429102840e+00 8.793739916149057478e+00 1.218779530811370293e+01
2.194378788185835649e+00 8.629406953342286357e+00 7.126450301597753167e+00
2.210165685942568015e+00 8.565693506497929377e+00 2.056358216543430206e+00
2.225952583699300824e+00 8.563603490412896591e+00 -2.210591405482353888e+00
2.241739481456033189e+00 8.636432431473364701e+00 -5.745240498473635604e+00
2.257526379212765999e+00 8.747451186364052944e+00 -8.747390224761620203e+00
2.273313276969498808e+00 8.916348918665736534e+00 -1.157249076845423552e+01
2.289100174726231174e+00 9.117770890954588481e+00 -1.340199147885218167e+01
2.304887072482963983e+00 9.345212645989006361e+00 -1.343518558328576873e+01
2.320673970239696349e+00 9.547696829619733094e+00 -1.245339698453429200e+01
2.336460867996429158e+00 9.743721349494103734e+00 -1.069484406594156667e+01
2.352247765753161524e+00 9.889931839729863228e+00 -9.029782495680816368e+00
2.368034663509894333e+00 1.003267438935588984e+01 -7.116981299517655124e+00
2.383821561266627143e+00 1.011767524131442819e+01 -4.115192511738974268e+00
2.399608459023359508e+00 1.016436054973153702e+01 -1.817524558166361270e+00
2.415395356780092317e+00 1.017583602717575175e+01 -5.393653129316389183e-01
2.431182254536824683e+00 1.018162023974534947e+01 8.373279773181696584e-01
2.446969152293557492e+00 1.014904153190157032e+01 2.944088804769873224e+00
2.462756050050290302e+00 1.008740939799271352e+01 5.270246915672571753e+00
2.478542947807022667e+00 9.980393630600048027e+00 7.038036570962358240e+00
2.494329845563755477e+00 9.862192227721918059e+00 8.064028200015338044e+00
2.510116743320487842e+00 9.722344728199557196e+00 9.504008649687866850e+00
2.525903641077220652e+00 9.558063950931906305e+00 1.157982000542562240e+01
2.541690538833953461e+00 9.351790488025937265e+00 1.335410496191818908e+01
2.557477436590685826e+00 9.130732592150524241e+00 1.429326870152991447e+01
2.573264334347418636e+00 8.894405889576979973e+00 1.482691186512757930e+01
2.589051232104151001e+00 8.656271412466441717e+00 1.496191301255811368e+01
2.604838129860883811e+00 8.415624673175120307e+00 1.596491920643361340e+01
2.620625027617616620e+00 8.145393997860566060e+00 1.793794274736920613e+01
2.636411925374348986e+00 7.841610505259305697e+00 1.921187308310998176e+01
2.652198823131081795e+00 7.530614059201046651e+00 1.954430274969423564e+01
2.667985720887814161e+00 7.216192817269090121e+00 1.857473225534672778e+01
2.683772618644546970e+00 6.936222627029951404e+00 1.708165942271541837e+01
2.699559516401279780e+00 6.669579715742196768e+00 1.669393824125334191e+01
2.715346414158012145e+00 6.402016603309844456e+00 1.511543175560461805e+01
2.731133311914744954e+00 6.185885899562848955e+00 1.118791641303060125e+01
2.746920209671477320e+00 6.044003278092865195e+00 6.361090035334027171e+00
2.762707107428210129e+00 5.982331018432160086e+00 1.675273959580142469e+00
2.778494005184942495e+00 5.990394511386300636e+00 -1.988100832772871085e+00
2.794280902941675304e+00 6.045950245080891960e+00 -4.498315550142378605e+00
2.810067800698408114e+00 6.134340608990856758e+00 -8.428336725461338830e+00
2.825854698455140479e+00 6.315657020295654789e+00 -1.393255024706782663e+01
2.841641596211873289e+00 6.580182216897027203e+00 -1.858781390370706177e+01
2.857428493968605654e+00 6.910467065214280780e+00 -2.181516482170856008e+01
2.873215391725338463e+00 7.278267491191701133e+00 -2.470414000413995126e+01
2.889002289482071273e+00 7.700999545346759234e+00 -2.726116861757823884e+01
2.904789187238803638e+00 8.150624886954204840e+00 -3.035895902656377032e+01
2.920576084995536448e+00 8.672486234196799870e+00 -3.184957885117345455e+01
2.936362982752268813e+00 9.169811410191755385e+00 -3.038720344366813109e+01
2.952149880509001623e+00 9.644876744394180079e+00 -2.970033272773514454e+01
2.967936778265734432e+00 1.012022205747928005e+01 -2.831427903662381240e+01
2.983723676022466798e+00 1.055093367356614209e+01 -2.442674813183592875e+01
2.999510573779199607e+00 1.090187799769802979e+01 -1.904875048583365427e+01
3.015297471535931972e+00 1.116049368911281903e+01 -1.370530222611898630e+01
3.031084369292664782e+00 1.134044766893383738e+01 -1.000566158512206094e+01
3.046871267049397591e+00 1.148067485983672498e+01 -7.917076132599620841e+00
3.062658164806129957e+00 1.159379410517702524e+01 -3.375714835013476911e+00
3.078445062562862766e+00 1.158869773455715624e+01 -1.759246730462959984e+00
3.094231960319595132e+00 1.165009000055183996e+01 -6.529835535784844325e+00
3.110018858076327941e+00 1.179765247170227127e+01 -8.910738056963074527e+00
3.125805755833060751e+00 1.193523361837465835e+01 -9.196849158558340065e+00
3.141592653589793116e+00 1.209195164477613815e+01 -9.794876650092486869e+00
