0.000000000000000000e+00 1.605614216551634001e+02 9.881537331093426246e+00
1.578689775673262907e-02 1.604033170578659053e+02 1.976307466218329978e+01
3.157379551346525814e-02 1.599290032659735346e+02 3.952614932436571138e+01
4.736069327019788722e-02 1.591384802794862026e+02 5.928922398654812298e+01
6.314759102693051629e-02 1.580317480984039946e+02 6.917076131763977287e+01
7.893448878366314536e-02 1.569250159173217298e+02 6.917076131763887759e+01
9.472138654039577443e-02 1.558182837362395503e+02 6.917076131763799651e+01
1.105082842971284035e-01 1.547115515551573139e+02 6.917076131763977287e+01
1.262951820538610326e-01 1.536048193740750776e+02 6.917076131763977287e+01
1.420820798105936755e-01 1.524980871929928412e+02 6.917076131763977287e+01
1.578689775673262907e-01 1.513913550119106048e+02 6.917076131763977287e+01
1.736558753240589059e-01 1.502846228308283685e+02 6.917076131763887759e+01
1.894427730807915489e-01 1.491778906497461605e+02 6.917076131763977287e+01
2.052296708375241918e-01 1.480711584686638957e+02 6.917076131763977287e+01
2.210165685942568070e-01 1.469644262875816878e+02 6.917076131763887759e+01
2.368034663509894222e-01 1.458576941064994514e+02 6.917076131763977287e+01
2.525903641077220652e-01 1.447509619254172151e+02 6.917076131763887759e+01
2.683772618644547081e-01 1.436442297443350071e+02 6.917076131763887759e+01
2.841641596211873511e-01 1.425374975632527708e+02 6.917076131763977287e+01
2.999510573779199385e-01 1.414307653821705344e+02 6.917076131763887759e+01
3.157379551346525814e-01 1.403240332010883265e+02 6.917076131763887759e+01
3.315248528913852244e-01 1.392173010200060901e+02 6.917076131764065394e+01
3.473117506481178118e-01 1.381105688389238253e+02 6.917076131763977287e+01
3.630986484048504548e-01 1.370038366578416174e+02 6.917076131763887759e+01
3.788855461615830977e-01 1.358971044767593810e+02 6.917076131763887759e+01
3.946724439183157407e-01 1.347903722956771730e+02 6.917076131763887759e+01
4.104593416750483836e-01 1.336836401145949367e+02 6.917076131763977287e+01
4.262462394317809711e-01 1.325769079335127003e+02 6.917076131763977287e+01
4.420331371885136140e-01 1.314701757524304639e+02 6.917076131763887759e+01
4.578200349452462570e-01 1.303634435713482560e+02 6.917076131763977287e+01
4.736069327019788444e-01 1.292567113902659912e+02 6.917076131763977287e+01
4.893938304587114874e-01 1.281499792091837833e+02 6.917076131763887759e+01
5.051807282154441303e-01 1.270432470281015469e+02 6.917076131763933233e+01
5.209676259721767178e-01 1.259365148470193247e+02 6.917076131763887759e+01
5.367545237289094162e-01 1.248297826659371026e+02 6.917076131763933233e+01
5.525414214856420037e-01 1.237230504848548662e+02 6.917076131763933233e+01
5.683283192423747021e-01 1.226163183037726441e+02 6.917076131763933233e+01
5.841152169991072896e-01 1.215095861226904077e+02 6.917076131763933233e+01
5.999021147558398770e-01 1.204028539416081856e+02 6.917076131763933233e+01
6.156890125125725755e-01 1.192961217605259492e+02 6.917076131763977287e+01
6.314759102693051629e-01 1.181893895794437128e+02 6.917076131763933233e+01
6.472628080260377503e-01 1.170826573983614907e+02 6.917076131763933233e+01
6.630497057827704488e-01 1.159759252172792543e+02 6.917076131763933233e+01
6.788366035395030362e-01 1.148691930361970321e+02 6.917076131763887759e+01
6.946235012962356237e-01 1.137624608551148100e+02 6.917076131763977287e+01
7.104103990529683221e-01 1.126557286740325594e+02 6.917076131763933233e+01
7.261972968097009096e-01 1.115489964929503515e+02 6.917076131763887759e+01
7.419841945664336080e-01 1.104422643118681151e+02 6.917076131763977287e+01
7.577710923231661955e-01 1.093355321307858787e+02 6.917076131763977287e+01
7.735579900798987829e-01 1.082287999497036424e+02 6.917076131763933233e+01
7.893448878366314814e-01 1.071220677686214202e+02 6.917076131763887759e+01
8.051317855933640688e-01 1.060153355875391981e+02 6.917076131763933233e+01
8.209186833500967673e-01 1.049086034064569617e+02 6.917076131763933233e+01
8.367055811068293547e-01 1.038018712253747395e+02 6.917076131763933233e+01
8.524924788635619421e-01 1.026951390442925032e+02 6.917076131764021341e+01
8.682793766202946406e-01 1.015884068632102526e+02 6.917076131763977287e+01
8.840662743770272280e-01 1.004816746821280304e+02 6.917076131763887759e+01
8.998531721337598155e-01 9.937494250104580829e+01 6.917076131763887759e+01
9.156400698904925139e-01 9.826821031996358613e+01 6.917076131763933233e+01
9.314269676472251014e-01 9.716147813888134976e+01 6.917076131763977287e+01
9.472138654039576888e-01 9.605474595779911340e+01 6.917076131763933233e+01
9.630007631606903873e-01 9.494801377671689124e+01 6.917076131763933233e+01
9.787876609174229747e-01 9.384128159563465488e+01 6.917076131763887759e+01
9.945745586741556732e-01 9.273454941455244693e+01 6.917076131763887759e+01
1.010361456430888261e+00 9.162781723347021057e+01 6.917076131763977287e+01
1.026148354187620848e+00 9.052108505238797420e+01 6.917076131763977287e+01
1.041935251944353436e+00 8.941435287130573784e+01 6.917076131763933233e+01
1.057722149701086245e+00 8.830762069022351568e+01 6.917076131763933233e+01
1.073509047457818832e+00 8.720088850914127931e+01 6.917076131763933233e+01
1.089295945214551420e+00 8.609415632805905716e+01 6.917076131763933233e+01
1.105082842971284007e+00 8.498742414697682079e+01 6.917076131763977287e+01
1.120869740728016595e+00 8.388069196589458443e+01 6.917076131763887759e+01
1.136656638484749404e+00 8.277395978481237648e+01 6.917076131763887759e+01
1.152443536241481992e+00 8.166722760373014012e+01 6.917076131763977287e+01
1.168230433998214579e+00 8.056049542264790375e+01 6.917076131763933233e+01
1.184017331754947167e+00 7.945376324156568160e+01 6.917076131763933233e+01
1.199804229511679754e+00 7.834703106048344523e+01 6.917076131763977287e+01
1.215591127268412341e+00 7.724029887940120886e+01 6.917076131763933233e+01
1.231378025025145151e+00 7.613356669831898671e+01 6.917076131763933233e+01
1.247164922781877738e+00 7.502683451723675034e+01 6.917076131763933233e+01
1.262951820538610326e+00 7.392010233615452819e+01 6.917076131763887759e+01
1.278738718295342913e+00 7.281337015507230603e+01 6.917076131763933233e+01
1.294525616052075501e+00 7.170663797399006967e+01 6.917076131763977287e+01
1.310312513808808310e+00 7.059990579290783330e+01 6.917076131763933233e+01
1.326099411565540898e+00 6.949317361182561115e+01 6.917076131763933233e+01
1.341886309322273485e+00 6.838644143074337478e+01 6.917076131763933233e+01
1.357673207079006072e+00 6.727970924966115263e+01 6.917076131763933233e+01
1.373460104835738660e+00 6.617297706857891626e+01 6.820675084656313913e+01
1.389247002592471247e+00 6.509709322257113229e+01 6.040920926175363803e+01
1.405033900349204057e+00 6.423988237220279984e+01 6.137321973282983123e+01
1.420820798105936644e+00 6.313315019112057769e+01 7.211961551418322358e+01
1.436607695862669232e+00 6.193205467574893675e+01 7.814026488851366992e+01
1.452394593619401819e+00 6.063266171468814036e+01 8.286422740121702191e+01
1.468181491376134407e+00 5.928039939890999221e+01 9.311648404562843950e+01
1.483968389132867216e+00 5.765293422522803013e+01 1.046711368962696156e+02
1.499755286889599804e+00 5.593092301822936463e+01 1.135950794606686003e+02
1.515542184646332391e+00 5.401789168248663486e+01 1.109098016920624303e+02
1.531329082403064978e+00 5.238180936408336663e+01 9.804572740766114691e+01
1.547115980159797566e+00 5.088042840544147793e+01 8.577020333959616494e+01
1.562902877916530375e+00 4.963716285721628907e+01 7.871862682588681537e+01
1.578689775673262963e+00 4.836143234701309979e+01 7.002890496185921165e+01
1.594476673429995550e+00 4.739623789843679447e+01 6.261676880783717536e+01
1.610263571186728138e+00 4.635769574516231017e+01 6.852657314752153184e+01
1.626050468943460725e+00 4.520338755771610550e+01 7.270541164711174531e+01
1.641837366700193535e+00 4.403112257245473415e+01 7.660646310043262019e+01
1.657624264456926122e+00 4.275198073850226166e+01 8.773132159317809453e+01
1.673411162213658709e+00 4.122372028147303524e+01 9.296790344077376744e+01
1.689198059970391297e+00 3.977700782839750104e+01 9.358015724434909544e+01
1.704984957727123884e+00 3.822915524965386425e+01 9.133119357766815938e+01
1.720771855483856472e+00 3.685440963391211966e+01 8.366177670170849012e+01
1.736558753240589281e+00 3.555197839519919256e+01 8.286020396581639602e+01
1.752345650997321869e+00 3.420288310700599510e+01 8.278546971407152455e+01
1.768132548754054456e+00 3.290284336434890378e+01 7.967250246201263053e+01
1.783919446510787044e+00 3.165336302822159098e+01 7.940551874320500758e+01
1.799706344267519631e+00 3.036186676456634359e+01 7.828681211439636911e+01
1.815493242024252440e+00 2.914818504056090731e+01 7.869743145910534565e+01
1.831280139780985028e+00 2.784354895787497242e+01 8.140848175702764422e+01
1.847067037537717615e+00 2.654311362433602284e+01 8.172580991227951586e+01
1.862853935294450203e+00 2.522832304068202802e+01 8.209283359467067953e+01
1.878640833051182790e+00 2.391614294930656115e+01 8.216069415609683801e+01
1.894427730807915378e+00 2.259918082768692926e+01 8.158115449962910759e+01
1.910214628564648187e+00 2.130554600531842979e+01 8.203531033209033296e+01
1.926001526321380775e+00 1.997405089706003878e+01 8.167297693582398210e+01
1.941788424078113362e+00 1.869201074337206236e+01 7.988093729178568481e+01
1.957575321834845949e+00 1.741786090372289664e+01 7.767421462253953734e+01
1.973362219591578537e+00 1.620643587545079711e+01 7.505232744893442032e+01
1.989149117348311346e+00 1.501618642535699522e+01 7.203393009459158236e+01
2.004936015105043712e+00 1.390135011242386653e+01 6.762644421525799032e+01
2.020722912861776521e+00 1.285214021046873967e+01 6.317632072543754873e+01
2.036509810618509331e+00 1.187970784920986489e+01 5.839938059444449436e+01
2.052296708375241696e+00 1.098336003144651585e+01 5.399818264505867660e+01
2.068083606131974506e+00 1.015176600456798717e+01 4.984371628891959460e+01
2.083870503888706871e+00 9.388361110201088877e+00 4.465539020622316713e+01
2.099657401645439680e+00 8.722793517968845833e+00 3.932662288690718810e+01
2.115444299402172490e+00 8.129909177820058730e+00 3.450767496914686205e+01
2.131231197158904855e+00 7.618547918956146248e+00 2.918641502128038567e+01
2.147018094915637665e+00 7.195943897139086332e+00 2.390222048211049000e+01
2.162804992672370030e+00 6.853676863528610497e+00 1.768158702595340515e+01
2.178591890429102840e+00 6.630133112308577381e+00 1.055626791734365355e+01
2.194378788185835649e+00 6.515876290173613583e+00 4.415998664896031656e+00
2.210165685942568015e+00 6.488821155031904375e+00 -1.760307866369742458e+00
2.225952583699300824e+00 6.572206141897445342e+00 -8.063450551449523829e+00
2.241739481456033189e+00 6.746851572678289166e+00 -1.337420487411577952e+01
2.257526379212765999e+00 7.000180697869150315e+00 -1.787658293688065925e+01
2.273313276969498808e+00 7.318902226658470234e+00 -2.080457950049480331e+01
2.289100174726231174e+00 7.665927241884983978e+00 -2.227606274206159043e+01
2.304887072482963983e+00 8.031736234404441177e+00 -2.356441364613667844e+01
2.320673970239696349e+00 8.419988478561357681e+00 -2.373013956565023008e+01
2.336460867996429158e+00 8.791100700505248611e+00 -2.197012093093192320e+01
2.352247765753161524e+00 9.123032348351179266e+00 -1.953792755091432554e+01
2.368034663509894333e+00 9.416314382134506999e+00 -1.683729993711435924e+01
2.383821561266627143e+00 9.661825946338838733e+00 -1.400328681004869757e+01
2.399608459023359508e+00 9.864419560056065350e+00 -1.140260687836453002e+01
2.415395356780092317e+00 1.002670936644650368e+01 -7.443140963921567987e+00
2.431182254536824683e+00 1.010260007090155554e+01 -2.238421541046586860e+00
2.446969152293557492e+00 1.009833885575999446e+01 1.711046297902030222e+00
2.462756050050290302e+00 1.004784658936869057e+01 4.797384936243931364e+00
2.478542947807022667e+00 9.944822537800188655e+00 8.200223683025530619e+00
2.494329845563755477e+00 9.785439431511873565e+00 1.197863875233723441e+01
2.510116743320487842e+00 9.561506097725397169e+00 1.612449405861993057e+01
2.525903641077220652e+00 9.269455621636035758e+00 1.878897076006641598e+01
2.541690538833953461e+00 8.960259033403271900e+00 1.924564441930393244e+01
2.557477436590685826e+00 8.653595000218309963e+00 2.020501548685093951e+01
2.573264334347418636e+00 8.313698537824041779e+00 2.247885246458763930e+01
2.589051232104151001e+00 7.934271721351505491e+00 2.412079179874742962e+01
2.604838129860883811e+00 7.541833200264123960e+00 2.410700665796147746e+01
2.620625027617616620e+00 7.162847508296738219e+00 2.331586578878849636e+01
2.636411925374348986e+00 6.795725495022892026e+00 2.319417795453718156e+01
2.652198823131081795e+00 6.420633813751548402e+00 2.352974351197228842e+01
2.667985720887814161e+00 6.042773702639778755e+00 2.246835962334195358e+01
2.683772618644546970e+00 5.701646305804605852e+00 1.983289567425627808e+01
2.699559516401279780e+00 5.408121041063577827e+00 1.706784095143393287e+01
2.715346414158012145e+00 5.155475395358720014e+00 1.464669536857956977e+01
2.731133311914744954e+00 4.939426789269031559e+00 1.178559174285573263e+01
2.746920209671477320e+00 4.778336459587336549e+00 6.787126974005603053e+00
2.762707107428210129e+00 4.722238726100852269e+00 1.068756607247783874e+00
2.778494005184942495e+00 4.744136248155407465e+00 -4.024193221095872630e+00
2.794280902941675304e+00 4.851012909175920207e+00 -1.002307561565757332e+01
2.810067800698408114e+00 5.064874667856449797e+00 -1.714206563188316679e+01
2.825854698455140479e+00 5.399559009396181608e+00 -2.519183455172335684e+01
2.841641596211873289e+00 5.871013373511597244e+00 -3.369024223161395781e+01
2.857428493968605654e+00 6.477646760807828308e+00 -4.005875839193259935e+01
2.873215391725338463e+00 7.152893642053440360e+00 -4.657387166452758720e+01
2.889002289482071273e+00 7.968010654072711141e+00 -5.416149119907315423e+01
2.904789187238803638e+00 8.886061360423781252e+00 -6.029314734964100353e+01
2.920576084995536448e+00 9.897391369261223204e+00 -6.704575905666438018e+01
2.936362982752268813e+00 1.103152565023704135e+01 -7.275860338714845454e+01
2.952149880509001623e+00 1.222566667764997383e+01 -7.558021251890262704e+01
2.967936778265734432e+00 1.345009245084192528e+01 -7.703044907987849399e+01
2.983723676022466798e+00 1.469064104820608563e+01 -7.490575554535594449e+01
2.999510573779199607e+00 1.584707662829331554e+01 -7.217681979997492192e+01
3.015297471535931972e+00 1.700029928180528316e+01 -7.111969244001281254e+01
3.031084369292664782e+00 1.812290678637372565e+01 -6.733993332343290206e+01
3.046871267049397591e+00 1.915517714815513628e+01 -6.113194127413490264e+01
3.062658164806129957e+00 2.007912890714604259e+01 -4.602866334499089618e+01
3.078445062562862766e+00 2.062809437519484490e+01 -2.774507937182302086e+01
3.094231960319595132e+00 2.096697144704437932e+01 -2.065046522157210163e+01
3.110018858076327941e+00 2.128890926228515212e+01 -2.140769814072673682e+01
3.125805755833060751e+00 2.165201778754763495e+01 -1.557525379843860414e+01
3.141592653589793116e+00 2.178731738383518746e+01 -8.456224767972031486e+00
