1.000000000000000021e-03 1.266974495055669081e+02 2.100084232072205737e+01
4.100000000000000172e-02 1.258574158127380258e+02 4.200168464144411473e+01
8.100000000000000255e-02 1.233373147342513789e+02 8.400336928288787419e+01
1.209999999999999964e-01 1.191371462701069959e+02 1.050042116036099316e+02
1.610000000000000042e-01 1.149369778059625844e+02 1.050042116036099316e+02
2.010000000000000120e-01 1.107368093418182013e+02 1.050042116036099316e+02
2.409999999999999920e-01 1.065366408776737899e+02 1.050042116036101021e+02
2.810000000000000275e-01 1.023364724135293926e+02 1.050042116036101021e+02
3.210000000000000075e-01 9.813630394938498114e+01 1.050042116036101021e+02
3.609999999999999876e-01 9.393613548524058388e+01 1.050042116036101021e+02
4.010000000000000231e-01 8.973596702109617240e+01 1.050042116036102868e+02
4.410000000000000031e-01 8.553579855695176093e+01 1.050042116036101021e+02
4.809999999999999831e-01 8.133563009280736367e+01 1.050042116036099316e+02
5.210000000000000187e-01 7.713546162866296640e+01 1.050042116036099316e+02
5.610000000000000542e-01 7.293529316451856914e+01 1.050042116036099316e+02
6.009999999999999787e-01 6.873512470037417188e+01 1.050042116036099316e+02
6.410000000000000142e-01 6.453495623622977462e+01 1.050042116036100168e+02
6.810000000000000497e-01 6.033478777208537025e+01 1.050042116036101021e+02
7.209999999999999742e-01 5.613461930794096588e+01 1.050042116036101021e+02
7.610000000000000098e-01 5.193445084379656151e+01 1.050042116036101021e+02
8.010000000000000453e-01 4.773428237965215715e+01 1.050042116036100168e+02
8.409999999999999698e-01 4.353411391550775988e+01 1.050042116036100168e+02
8.810000000000000053e-01 3.933394545136335552e+01 1.040101035110748882e+02
9.210000000000000409e-01 3.521330563462176855e+01 1.038068980836560371e+02
9.609999999999999654e-01 3.102939360467087226e+01 1.048010061761912510e+02
1.000999999999999890e+00 2.682922514052646790e+01 1.027859933231830354e+02
1.040999999999999925e+00 2.280651413881622958e+01 9.534805349709918687e+01
1.080999999999999961e+00 1.920138086075853323e+01 8.547975069069286747e+01
1.120999999999999996e+00 1.596813408356080011e+01 7.334261939495227978e+01
1.160999999999999810e+00 1.333397130916235085e+01 5.881571546811026252e+01
1.200999999999999845e+00 1.126287684611197903e+01 4.753602174019790993e+01
1.240999999999999881e+00 9.531089569946518125e+00 4.251915152033976142e+01
1.280999999999999917e+00 7.861344724484798263e+00 4.044298579627542267e+01
1.320999999999999952e+00 6.295650706244484418e+00 3.765730757790283434e+01
1.360999999999999988e+00 4.848760118252571694e+00 3.417000848706988592e+01
1.401000000000000023e+00 3.562050027278893527e+00 3.018135307306419790e+01
1.440999999999999837e+00 2.434251872407435791e+00 2.671734600980841634e+01
1.480999999999999872e+00 1.424662346494219856e+00 2.379647353026597401e+01
1.520999999999999908e+00 5.305339899861578612e-01 2.085933839942591206e+01
1.560999999999999943e+00 -2.440847254598533800e-01 1.759717463004520255e+01
1.600999999999999979e+00 -8.772399804174584315e-01 1.405489617192415253e+01
1.641000000000000014e+00 -1.368476419213785711e+00 9.890368018166356023e+00
1.680999999999999828e+00 -1.668469421870766967e+00 5.763469753652544547e+00
1.720999999999999863e+00 -1.829553999505989292e+00 3.351980746778182585e+00
1.760999999999999899e+00 -1.936627881613021573e+00 2.727146276531600133e+00
1.800999999999999934e+00 -2.047725701628517303e+00 2.535939606263235113e+00
1.840999999999999970e+00 -2.139503050114080374e+00 1.652567514149205774e+00
1.881000000000000005e+00 -2.179931102760453765e+00 4.417713694273683878e-01
1.920999999999999819e+00 -2.174844759668269845e+00 -4.876435277900881271e-01
1.960999999999999854e+00 -2.140919620537246715e+00 -9.557285197807796617e-01
2.000999999999999890e+00 -2.098386478085807472e+00 -1.246914690693817773e+00
2.040999999999999925e+00 -2.041166445281741293e+00 -1.664146954488132657e+00
2.080999999999999961e+00 -1.965254721726756859e+00 -2.029272377781751846e+00
2.120999999999999996e+00 -1.878824655059201154e+00 -2.275589258092733491e+00
2.161000000000000032e+00 -1.783207581079338189e+00 -2.410098939933849493e+00
2.201000000000000068e+00 -1.686016739864493186e+00 -2.501447607684173402e+00
2.241000000000000103e+00 -1.583091772464604308e+00 -2.662547906249965290e+00
2.281000000000000139e+00 -1.473012907364495971e+00 -2.753814158648015820e+00
2.320999999999999730e+00 -1.362786639772763042e+00 -2.682166594109658408e+00
2.360999999999999766e+00 -1.258439579835723299e+00 -2.697680488767062457e+00
2.400999999999999801e+00 -1.146972200671398046e+00 -2.864640929862904972e+00
2.440999999999999837e+00 -1.029268305446690901e+00 -2.927504601296729181e+00
2.480999999999999872e+00 -9.127718325676597022e-01 -2.784743316991951101e+00
2.520999999999999908e+00 -8.064888400873347907e-01 -2.537175948008286941e+00
2.560999999999999943e+00 -7.097977567269967425e-01 -2.247327693613018873e+00
2.600999999999999979e+00 -6.267026245982932897e-01 -1.949202949848231947e+00
2.641000000000000014e+00 -5.538615207391381912e-01 -1.610044531158308256e+00
2.681000000000000050e+00 -4.978990621056286203e-01 -1.250280105358066107e+00
2.721000000000000085e+00 -4.538391123104928981e-01 -1.021273920981344174e+00
2.761000000000000121e+00 -4.161971484271210775e-01 -8.961672196369674381e-01
2.801000000000000156e+00 -3.821457347395355031e-01 -7.438628580779877986e-01
2.840999999999999748e+00 -3.566881197808820514e-01 -5.776472435199575539e-01
2.880999999999999783e+00 -3.359339552579388988e-01 -5.404464690226657986e-01
2.920999999999999819e+00 -3.134524022590687853e-01 -5.856457396871252996e-01
2.960999999999999854e+00 -2.890822960829688704e-01 -6.365476503215657944e-01
3.000999999999999890e+00 -2.625285902333435173e-01 -6.599998465329270925e-01
3.040999999999999925e+00 -2.362823083603347030e-01 -6.061928268620598859e-01
3.080999999999999961e+00 -2.140331640843787242e-01 -4.876390642603145587e-01
3.120999999999999996e+00 -1.972711832195095383e-01 -3.545186246417073028e-01
3.161000000000000032e+00 -1.856716741130421400e-01 -1.979830328644512638e-01
3.201000000000000068e+00 -1.814325405903534361e-01 -2.214656795111423493e-02
3.241000000000000103e+00 -1.838999486769530012e-01 6.250758007986939591e-02
3.281000000000000139e+00 -1.864331469967429877e-01 6.764386567667153571e-02
3.321000000000000174e+00 -1.893114579310867240e-01 9.895792611583180409e-02
3.360999999999999766e+00 -1.943497810860095321e-01 1.255752021107524319e-01
3.400999999999999801e+00 -1.993574740999469186e-01 7.086082609486926698e-02
3.440999999999999837e+00 -2.000186471735990734e-01 -1.649954433381069230e-02
3.480999999999999872e+00 -1.980375105532420632e-01 -8.410753353663390219e-02
3.520999999999999908e+00 -1.932900444906683612e-01 -1.675746594272591594e-01
3.560999999999999943e+00 -1.846315377990613293e-01 -2.744981327666148330e-01
3.600999999999999979e+00 -1.713301938693391757e-01 -3.557157103946412269e-01
3.641000000000000014e+00 -1.561742809674900312e-01 -3.992692039066280674e-01
3.681000000000000050e+00 -1.393886575568089314e-01 -4.313318168095922611e-01
3.721000000000000085e+00 -1.216677356227226503e-01 -4.677014963481556653e-01
3.761000000000000121e+00 -1.019725378489564765e-01 -5.157425252846616903e-01
3.801000000000000156e+00 -8.040833359994971341e-02 -5.451148129190973579e-01
3.840999999999999748e+00 -5.836335281542869013e-02 -5.280709178833767892e-01
3.880999999999999783e+00 -3.816266016927957055e-02 -4.652316560706208914e-01
3.920999999999999819e+00 -2.114482032977902173e-02 -3.703205818092926704e-01
3.960999999999999854e+00 -8.537013624536158446e-03 -2.643102541222377422e-01
4.001000000000000334e+00 0.000000000000000000e+00 -2.134253406134039577e-01
