0.000000000000000000e+00 4.249646932043175411e+02 3.288573446044296134e+01
1.578689775673262907e-02 4.244385214529504537e+02 6.577146892088769903e+01
3.157379551346525814e-02 4.228600061988491348e+02 1.315429378417771602e+02
4.736069327019788722e-02 4.202291474420135842e+02 1.973144067626666356e+02
6.314759102693051629e-02 4.165459451824438020e+02 2.302001412231113875e+02
7.893448878366314536e-02 4.128627429228740198e+02 2.302001412231113875e+02
9.472138654039577443e-02 4.091795406633042376e+02 2.302001412231113875e+02
1.105082842971284035e-01 4.054963384037344554e+02 2.302001412231095969e+02
1.262951820538610326e-01 4.018131361441647300e+02 2.302001412231095969e+02
1.420820798105936755e-01 3.981299338845949478e+02 2.302001412231113875e+02
1.578689775673262907e-01 3.944467316250251656e+02 2.302001412231113875e+02
1.736558753240589059e-01 3.907635293654553834e+02 2.302001412231113875e+02
1.894427730807915489e-01 3.870803271058856012e+02 2.302001412231095969e+02
2.052296708375241918e-01 3.833971248463158759e+02 2.302001412231078348e+02
2.210165685942568070e-01 3.797139225867461505e+02 2.302001412231113875e+02
2.368034663509894222e-01 3.760307203271763115e+02 2.302001412231131496e+02
2.525903641077220652e-01 3.723475180676065293e+02 2.302001412231113875e+02
2.683772618644547081e-01 3.686643158080367471e+02 2.302001412231078348e+02
2.841641596211873511e-01 3.649811135484670785e+02 2.302001412231078348e+02
2.999510573779199385e-01 3.612979112888972963e+02 2.302001412231131496e+02
3.157379551346525814e-01 3.576147090293274573e+02 2.302001412231131496e+02
3.315248528913852244e-01 3.539315067697576751e+02 2.302001412231078348e+02
3.473117506481178118e-01 3.502483045101880066e+02 2.302001412231078348e+02
3.630986484048504548e-01 3.465651022506182244e+02 2.302001412231131496e+02
3.788855461615830977e-01 3.428818999910483853e+02 2.302001412231113875e+02
3.946724439183157407e-01 3.391986977314786600e+02 2.302001412231113875e+02
4.104593416750483836e-01 3.355154954719088209e+02 2.302001412231095969e+02
4.262462394317809711e-01 3.318322932123391524e+02 2.302001412231078348e+02
4.420331371885136140e-01 3.281490909527693702e+02 2.302001412231131496e+02
4.578200349452462570e-01 3.244658886931995312e+02 2.302001412231113875e+02
4.736069327019788444e-01 3.207826864336298058e+02 2.302001412231113875e+02
4.893938304587114874e-01 3.170994841740599668e+02 2.302001412231113875e+02
5.051807282154441303e-01 3.134162819144902414e+02 2.302001412231078348e+02
5.209676259721767178e-01 3.097330796549205161e+02 2.302001412231113875e+02
5.367545237289094162e-01 3.060498773953506770e+02 2.302001412231113875e+02
5.525414214856420037e-01 3.023666751357809517e+02 2.302001412231113875e+02
5.683283192423747021e-01 2.986834728762111126e+02 2.302001412231113875e+02
5.841152169991072896e-01 2.950002706166413873e+02 2.302001412231095969e+02
5.999021147558398770e-01 2.913170683570716051e+02 2.302001412231095969e+02
6.156890125125725755e-01 2.876338660975018797e+02 2.302001412231095969e+02
6.314759102693051629e-01 2.839506638379320975e+02 2.302001412231095969e+02
6.472628080260377503e-01 2.802674615783623722e+02 2.302001412231095969e+02
6.630497057827704488e-01 2.765842593187925900e+02 2.302001412231131496e+02
6.788366035395030362e-01 2.729010570592227509e+02 2.302001412231113875e+02
6.946235012962356237e-01 2.692178547996530256e+02 2.302001412231095969e+02
7.104103990529683221e-01 2.655346525400832434e+02 2.302001412231095969e+02
7.261972968097009096e-01 2.618514502805135180e+02 2.302001412231095969e+02
7.419841945664336080e-01 2.581682480209437358e+02 2.302001412231131496e+02
7.577710923231661955e-01 2.544850457613738968e+02 2.302001412231122686e+02
7.735579900798987829e-01 2.508018435018041430e+02 2.302001412231087158e+02
7.893448878366314814e-01 2.471186412422344176e+02 2.302001412231105064e+02
8.051317855933640688e-01 2.434354389826646070e+02 2.302001412231113875e+02
8.209186833500967673e-01 2.397522367230948532e+02 2.302001412231095969e+02
8.367055811068293547e-01 2.360690344635250995e+02 2.302001412231095969e+02
8.524924788635619421e-01 2.323858322039553457e+02 2.302001412231105064e+02
8.682793766202946406e-01 2.287026299443855635e+02 2.302001412231122686e+02
8.840662743770272280e-01 2.250194276848157529e+02 2.302001412231113875e+02
8.998531721337598155e-01 2.213362254252459991e+02 2.302001412231095969e+02
9.156400698904925139e-01 2.176530231656762453e+02 2.302001412231095969e+02
9.314269676472251014e-01 2.139698209061064915e+02 2.302001412231105064e+02
9.472138654039576888e-01 2.102866186465367093e+02 2.302001412231113875e+02
9.630007631606903873e-01 2.066034163869669271e+02 2.302001412231113875e+02
9.787876609174229747e-01 2.029202141273971449e+02 2.302001412231105064e+02
9.945745586741556732e-01 1.992370118678273911e+02 2.302001412231095969e+02
1.010361456430888261e+00 1.955538096082576374e+02 2.302001412231105064e+02
1.026148354187620848e+00 1.918706073486878552e+02 2.302001412231113875e+02
1.041935251944353436e+00 1.881874050891180730e+02 2.302001412231105064e+02
1.057722149701086245e+00 1.845042028295483192e+02 2.302001412231105064e+02
1.073509047457818832e+00 1.808210005699785370e+02 2.302001412231105064e+02
1.089295945214551420e+00 1.771377983104087832e+02 2.302001412231105064e+02
1.105082842971284007e+00 1.734545960508390010e+02 2.302001412231113875e+02
1.120869740728016595e+00 1.697713937912692188e+02 2.302001412231105064e+02
1.136656638484749404e+00 1.660881915316994650e+02 2.302001412231105064e+02
1.152443536241481992e+00 1.624049892721296828e+02 2.302001412231105064e+02
1.168230433998214579e+00 1.587217870125599291e+02 2.302001412231105064e+02
1.184017331754947167e+00 1.550385847529901469e+02 2.302001412231113875e+02
1.199804229511679754e+00 1.513553824934203647e+02 2.302001412231105064e+02
1.215591127268412341e+00 1.476721802338506109e+02 2.302001412231105064e+02
1.231378025025145151e+00 1.439889779742808287e+02 2.302001412231105064e+02
1.247164922781877738e+00 1.403057757147110749e+02 2.302001412231095969e+02
1.262951820538610326e+00 1.366225734551413211e+02 2.302001412231105064e+02
1.278738718295342913e+00 1.329393711955715389e+02 2.302001412231113875e+02
1.294525616052075501e+00 1.292561689360017567e+02 2.302001412231113875e+02
1.310312513808808310e+00 1.255729666764319745e+02 2.302001412231105064e+02
1.326099411565540898e+00 1.218897644168622207e+02 2.302001412231095969e+02
1.341886309322273485e+00 1.182065621572924670e+02 2.302001412231105064e+02
1.357673207079006072e+00 1.145233598977226848e+02 2.302001412231109327e+02
1.373460104835738660e+00 1.108401576381529168e+02 2.302001412231105064e+02
1.389247002592471247e+00 1.071569553785831488e+02 2.302001412231100517e+02
1.405033900349204057e+00 1.034737531190133950e+02 2.302001412231105064e+02
1.420820798105936644e+00 9.979055085944361281e+01 2.314346100972368561e+02
1.436607695862669232e+00 9.606784559590181516e+01 2.302001412231105064e+02
1.452394593619401819e+00 9.242414634030407683e+01 2.289656723489850094e+02
1.468181491376134407e+00 8.874094408073429463e+01 2.241896502984808137e+02
1.483968389132867216e+00 8.525007753075269079e+01 2.245184525724326363e+02
1.499755286889599804e+00 8.155635359841645027e+01 2.320922146451405013e+02
1.515542184646332391e+00 7.782312666210819430e+01 2.582267352863722749e+02
1.531329082403064978e+00 7.329309806925253667e+01 2.944011308829721543e+02
1.547115980159797566e+00 6.840229047385308547e+01 3.004979758918815378e+02
1.562902877916530375e+00 6.367716284071232735e+01 3.001472862532073123e+02
1.578689775673262963e+00 5.879757731375045182e+01 2.903726337604530841e+02
1.594476673429995550e+00 5.438523856037782878e+01 2.627282972309368461e+02
1.610263571186728138e+00 5.039027180236047343e+01 2.349928480280844951e+02
1.626050468943460725e+00 4.686546742347912442e+01 1.862898288039196473e+02
1.641837366700193535e+00 4.442899728063504483e+01 1.254548018553989266e+02
1.657624264456926122e+00 4.285091376410635888e+01 9.088355373165990159e+01
1.673411162213658709e+00 4.152072356122192787e+01 5.946926960979603649e+01
1.689198059970391297e+00 4.094789713659288566e+01 4.676739484137581826e+01
1.704984957727123884e+00 4.002416692629790163e+01 5.174627338480264171e+01
1.720771855483856472e+00 3.929201638827920107e+01 4.989985371933958191e+01
1.736558753240589281e+00 3.842737160727903500e+01 5.163892785353208126e+01
1.752345650997321869e+00 3.763957069696617452e+01 5.224276857052733902e+01
1.768132548754054456e+00 3.675560301302216004e+01 6.016576734975043195e+01
1.783919446510787044e+00 3.571426614177416070e+01 6.962335389714691303e+01
1.799706344267519631e+00 3.452765568831345888e+01 7.217969660530853560e+01
1.815493242024252440e+00 3.340451585040428739e+01 7.139479428016737472e+01
1.831280139780985028e+00 3.224302227134810295e+01 6.948865575659689853e+01
1.847067037537717615e+00 3.118087886619318638e+01 6.681053108709178900e+01
1.862853935294450203e+00 3.010508527656116584e+01 6.855335332034628948e+01
1.878640833051182790e+00 2.898717155994210515e+01 7.052437635507169489e+01
1.894427730807915378e+00 2.784830523319887163e+01 7.548126674944521142e+01
1.910214628564648187e+00 2.657177102395985813e+01 7.987860013988212415e+01
1.926001526321380775e+00 2.529219002872264355e+01 8.009534045240074818e+01
1.941788424078113362e+00 2.400872012948303436e+01 8.107356608767534567e+01
1.957575321834845949e+00 2.269783591391703226e+01 8.176917438324726106e+01
1.973362219591578537e+00 2.139210654921912180e+01 7.936763237823018358e+01
1.989149117348311346e+00 2.015807167781366616e+01 7.481049458672495689e+01
2.004936015105043712e+00 1.899817072244392335e+01 6.867750488643386575e+01
2.020722912861776521e+00 1.796039152144778228e+01 6.474989406415309645e+01
2.036509810618509331e+00 1.692617411239102410e+01 6.386807241358416576e+01
2.052296708375241696e+00 1.591661320421308901e+01 6.196795614255351126e+01
2.068083606131974506e+00 1.494319951582931161e+01 5.916522609404250943e+01
2.083870503888706871e+00 1.402332596920372865e+01 5.759693983521641059e+01
2.099657401645439680e+00 1.310009744110238650e+01 5.703254695438092625e+01
2.115444299402172490e+00 1.219828446666353905e+01 5.591928509168647565e+01
2.131231197158904855e+00 1.131068031816841923e+01 5.310349294463600955e+01
2.147018094915637665e+00 1.049897269243518672e+01 4.917053084656941309e+01
2.162804992672370030e+00 9.737223331078197930e+00 4.707524024100911930e+01
2.178591890429102840e+00 8.992565004722894884e+00 4.533102764224683057e+01
2.194378788185835649e+00 8.286630446526299210e+00 4.143029281621307547e+01
2.210165685942568015e+00 7.666795634604076426e+00 3.659661610903469864e+01
2.225952583699300824e+00 7.115538731037188924e+00 3.185335347761864000e+01
2.241739481456033189e+00 6.647488323320279946e+00 2.776267656773151415e+01
2.257526379212765999e+00 6.227133080869780457e+00 2.393028474777547743e+01
2.273313276969498808e+00 5.881719211391464697e+00 1.808882127993574684e+01
2.289100174726231174e+00 5.648290799911836579e+00 1.202782840786906249e+01
2.304887072482963983e+00 5.496828702339654704e+00 7.113020914088663105e+00
2.320673970239696349e+00 5.420674130660999346e+00 2.873943333496969732e+00
2.336460867996429158e+00 5.404862515667751666e+00 -1.217453578444827045e-01
2.352247765753161524e+00 5.424569982112022792e+00 -3.204094031351467642e+00
2.368034663509894333e+00 5.507393524670998630e+00 -6.380029372583279290e+00
2.383821561266627143e+00 5.628730922034687723e+00 -8.368971609658409250e+00
2.399608459023359508e+00 5.775200616180067748e+00 -9.303823492249895466e+00
2.415395356780092317e+00 5.926453273786684406e+00 -9.072176994226992974e+00
2.431182254536824683e+00 6.065510279995331544e+00 -9.233408914182145821e+00
2.446969152293557492e+00 6.221922359040513051e+00 -9.558947432432129077e+00
2.462756050050290302e+00 6.371396597833159703e+00 -8.093023383303615148e+00
2.478542947807022667e+00 6.480899107306228757e+00 -5.892586631052854074e+00
2.494329845563755477e+00 6.559959370026851033e+00 -3.624464900695012481e+00
2.510116743320487842e+00 6.596881984128469156e+00 -2.734605716093546413e+00
2.525903641077220652e+00 6.647466752941844526e+00 -2.859284671023476498e+00
2.541690538833953461e+00 6.688379093601220404e+00 -1.806619420542748822e+00
2.557477436590685826e+00 6.705278574399212488e+00 -1.339763910669117264e+00
2.573264334347418636e+00 6.731251538742632157e+00 -1.015413143590437883e+00
2.589051232104151001e+00 6.737771794994106500e+00 -4.212508674048542900e-01
2.604838129860883811e+00 6.744731566499587494e+00 1.382976070456176654e-01
2.620625027617616620e+00 6.733346271568646735e+00 3.442703993554313335e+00
2.636411925374348986e+00 6.634565038705849460e+00 7.125840324207461052e+00
2.652198823131081795e+00 6.505319381194007988e+00 9.884357866709992280e+00
2.667985720887814161e+00 6.318265586971129721e+00 1.278713860922192680e+01
2.683772618644546970e+00 6.096130945698906345e+00 1.452320467125434078e+01
2.699559516401279780e+00 5.853523037490990788e+00 1.604086017147179888e+01
2.715346414158012145e+00 5.582823420211808774e+00 1.752597462418936658e+01
2.731133311914744954e+00 5.292691849516931057e+00 1.711682461961811086e+01
2.746920209671477320e+00 5.035085032384029269e+00 1.629111775684169316e+01
2.762707107428210129e+00 4.771376081297996841e+00 1.608144152155954743e+01
2.778494005184942495e+00 4.520478903694123751e+00 1.728954598110588137e+01
2.794280902941675304e+00 4.218110609902608665e+00 1.842588489952452591e+01
2.810067800698408114e+00 3.930850586909338862e+00 1.860242757969969674e+01
2.825854698455140479e+00 3.622832927352218402e+00 1.875370577757162849e+01
2.841641596211873289e+00 3.330732002027046779e+00 1.882406838561836793e+01
2.857428493968605654e+00 3.020462739012430564e+00 1.961849101556888186e+01
2.873215391725338463e+00 2.702940289528842577e+00 1.908938165265283615e+01
2.889002289482071273e+00 2.409602526127539779e+00 1.561952175558069200e+01
2.904789187238803638e+00 2.203115593350260415e+00 1.134995857928648633e+01
2.920576084995536448e+00 2.046403851590372192e+00 7.758911564727986487e+00
2.936362982752268813e+00 1.954830423278964835e+00 4.270570503866435885e+00
2.952149880509001623e+00 1.909745595466646240e+00 -4.065874251583598276e-01
2.967936778265734432e+00 1.967841220884032349e+00 -5.415161718097735388e+00
2.983723676022466798e+00 2.083030770445773783e+00 -8.164044188683078573e+00
2.999510573779199607e+00 2.229090634921890857e+00 -9.359451642482252254e+00
3.015297471535931972e+00 2.382533223005205869e+00 -8.466689327593243775e+00
3.031084369292664782e+00 2.500024693404874654e+00 -6.710756633911171498e+00
3.046871267049397591e+00 2.597277435290363368e+00 -5.238846162182064781e+00
3.062658164806129957e+00 2.667667770594700727e+00 1.086841207874875037e+00
3.078445062562862766e+00 2.562498516638367363e+00 7.814158407514954163e+00
3.094231960319595132e+00 2.417614701554222201e+00 8.775276277943403258e+00
3.110018858076327941e+00 2.281689675744178469e+00 5.374348656463107332e+00
3.125805755833060751e+00 2.245635544547402773e+00 1.383023175113157199e+00
3.141592653589793116e+00 2.237432934140557439e+00 5.126631504278333917e-01
