0.000000000000000000e+00 1.583481991971102616e+02 9.301477872408980829e+00
1.578689775673262907e-02 1.581993755511517179e+02 1.860295574481884984e+01
3.157379551346525814e-02 1.577529046132760584e+02 3.720591148963769967e+01
4.736069327019788722e-02 1.570087863834833115e+02 5.580886723445566133e+01
6.314759102693051629e-02 1.559670208617734772e+02 6.511034510686552323e+01
7.893448878366314536e-02 1.549252553400636145e+02 6.511034510686552323e+01
9.472138654039577443e-02 1.538834898183537803e+02 6.511034510686552323e+01
1.105082842971284035e-01 1.528417242966439176e+02 6.511034510686552323e+01
1.262951820538610326e-01 1.517999587749340833e+02 6.511034510686464216e+01
1.420820798105936755e-01 1.507581932532242490e+02 6.511034510686552323e+01
1.578689775673262907e-01 1.497164277315143863e+02 6.511034510686641852e+01
1.736558753240589059e-01 1.486746622098045236e+02 6.511034510686641852e+01
1.894427730807915489e-01 1.476328966880946609e+02 6.511034510686552323e+01
2.052296708375241918e-01 1.465911311663848267e+02 6.511034510686464216e+01
2.210165685942568070e-01 1.455493656446749924e+02 6.511034510686552323e+01
2.368034663509894222e-01 1.445076001229651297e+02 6.511034510686641852e+01
2.525903641077220652e-01 1.434658346012552670e+02 6.511034510686552323e+01
2.683772618644547081e-01 1.424240690795454327e+02 6.511034510686464216e+01
2.841641596211873511e-01 1.413823035578355984e+02 6.511034510686552323e+01
2.999510573779199385e-01 1.403405380361257357e+02 6.511034510686641852e+01
3.157379551346525814e-01 1.392987725144158730e+02 6.511034510686552323e+01
3.315248528913852244e-01 1.382570069927060388e+02 6.511034510686552323e+01
3.473117506481178118e-01 1.372152414709961761e+02 6.511034510686552323e+01
3.630986484048504548e-01 1.361734759492863418e+02 6.511034510686464216e+01
3.788855461615830977e-01 1.351317104275765075e+02 6.511034510686552323e+01
3.946724439183157407e-01 1.340899449058666448e+02 6.511034510686641852e+01
4.104593416750483836e-01 1.330481793841567821e+02 6.511034510686552323e+01
4.262462394317809711e-01 1.320064138624469479e+02 6.511034510686552323e+01
4.420331371885136140e-01 1.309646483407370852e+02 6.511034510686641852e+01
4.578200349452462570e-01 1.299228828190272225e+02 6.511034510686552323e+01
4.736069327019788444e-01 1.288811172973173882e+02 6.511034510686464216e+01
4.893938304587114874e-01 1.278393517756075539e+02 6.511034510686508270e+01
5.051807282154441303e-01 1.267975862538977054e+02 6.511034510686597798e+01
5.209676259721767178e-01 1.257558207321878427e+02 6.511034510686597798e+01
5.367545237289094162e-01 1.247140552104779943e+02 6.511034510686597798e+01
5.525414214856420037e-01 1.236722896887681316e+02 6.511034510686552323e+01
5.683283192423747021e-01 1.226305241670582973e+02 6.511034510686464216e+01
5.841152169991072896e-01 1.215887586453484630e+02 6.511034510686552323e+01
5.999021147558398770e-01 1.205469931236386003e+02 6.511034510686597798e+01
6.156890125125725755e-01 1.195052276019287518e+02 6.511034510686552323e+01
6.314759102693051629e-01 1.184634620802189033e+02 6.511034510686508270e+01
6.472628080260377503e-01 1.174216965585090691e+02 6.511034510686552323e+01
6.630497057827704488e-01 1.163799310367992064e+02 6.511034510686597798e+01
6.788366035395030362e-01 1.153381655150893579e+02 6.511034510686552323e+01
6.946235012962356237e-01 1.142963999933795094e+02 6.511034510686552323e+01
7.104103990529683221e-01 1.132546344716696609e+02 6.511034510686508270e+01
7.261972968097009096e-01 1.122128689499598266e+02 6.511034510686552323e+01
7.419841945664336080e-01 1.111711034282499639e+02 6.511034510686597798e+01
7.577710923231661955e-01 1.101293379065401155e+02 6.511034510686597798e+01
7.735579900798987829e-01 1.090875723848302528e+02 6.511034510686552323e+01
7.893448878366314814e-01 1.080458068631204185e+02 6.511034510686464216e+01
8.051317855933640688e-01 1.070040413414105842e+02 6.511034510686552323e+01
8.209186833500967673e-01 1.059622758197007215e+02 6.511034510686597798e+01
8.367055811068293547e-01 1.049205102979908730e+02 6.511034510686552323e+01
8.524924788635619421e-01 1.038787447762810245e+02 6.511034510686508270e+01
8.682793766202946406e-01 1.028369792545711903e+02 6.511034510686552323e+01
8.840662743770272280e-01 1.017952137328613276e+02 6.511034510686597798e+01
8.998531721337598155e-01 1.007534482111514791e+02 6.511034510686552323e+01
9.156400698904925139e-01 9.971168268944163060e+01 6.511034510686552323e+01
9.314269676472251014e-01 9.866991716773178211e+01 6.511034510686552323e+01
9.472138654039576888e-01 9.762815164602193363e+01 6.511034510686597798e+01
9.630007631606903873e-01 9.658638612431207093e+01 6.511034510686552323e+01
9.787876609174229747e-01 9.554462060260223666e+01 6.511034510686552323e+01
9.945745586741556732e-01 9.450285508089237396e+01 6.511034510686552323e+01
1.010361456430888261e+00 9.346108955918253969e+01 6.511034510686508270e+01
1.026148354187620848e+00 9.241932403747269120e+01 6.511034510686552323e+01
1.041935251944353436e+00 9.137755851576284272e+01 6.511034510686552323e+01
1.057722149701086245e+00 9.033579299405299423e+01 6.511034510686597798e+01
1.073509047457818832e+00 8.929402747234313154e+01 6.511034510686552323e+01
1.089295945214551420e+00 8.825226195063329726e+01 6.511034510686552323e+01
1.105082842971284007e+00 8.721049642892343456e+01 6.511034510686597798e+01
1.120869740728016595e+00 8.616873090721358608e+01 6.511034510686508270e+01
1.136656638484749404e+00 8.512696538550375180e+01 6.511034510686552323e+01
1.152443536241481992e+00 8.408519986379388911e+01 6.511034510686597798e+01
1.168230433998214579e+00 8.304343434208404062e+01 6.511034510686552323e+01
1.184017331754947167e+00 8.200166882037419214e+01 6.511034510686552323e+01
1.199804229511679754e+00 8.095990329866434365e+01 6.511034510686552323e+01
1.215591127268412341e+00 7.991813777695449517e+01 6.511034510686508270e+01
1.231378025025145151e+00 7.887637225524466089e+01 6.511034510686508270e+01
1.247164922781877738e+00 7.783460673353481241e+01 6.511034510686597798e+01
1.262951820538610326e+00 7.679284121182494971e+01 6.511034510686552323e+01
1.278738718295342913e+00 7.575107569011511544e+01 6.511034510686552323e+01
1.294525616052075501e+00 7.470931016840525274e+01 6.511034510686597798e+01
1.310312513808808310e+00 7.366754464669540425e+01 6.511034510686508270e+01
1.326099411565540898e+00 7.262577912498556998e+01 6.511034510686508270e+01
1.341886309322273485e+00 7.158401360327572149e+01 6.511034510686597798e+01
1.357673207079006072e+00 7.054224808156585880e+01 6.511034510686597798e+01
1.373460104835738660e+00 6.950048255985601031e+01 6.511034510686552323e+01
1.389247002592471247e+00 6.845871703814616183e+01 6.511034510686552323e+01
1.405033900349204057e+00 6.741695151643631334e+01 6.511034510686508270e+01
1.420820798105936644e+00 6.637518599472647907e+01 6.511034510686552323e+01
1.436607695862669232e+00 6.533342047301661637e+01 6.511034510686552323e+01
1.452394593619401819e+00 6.429165495130678210e+01 6.511034510686531007e+01
1.468181491376134407e+00 6.324988942959692650e+01 6.511034510686597798e+01
1.483968389132867216e+00 6.220812390788707091e+01 4.804455945926333271e+01
1.499755286889599804e+00 6.171246352690049974e+01 3.824268136088626591e+01
1.515542184646332391e+00 6.098435810433871040e+01 5.530846700848868380e+01
1.531329082403064978e+00 5.994259258262886192e+01 5.872022333609372424e+01
1.547115980159797566e+00 5.910531095758371123e+01 5.846567691261306265e+01
1.562902877916530375e+00 5.807169092142524391e+01 6.443060306476944277e+01
1.578689775673262963e+00 5.704353165951108906e+01 7.515543215088248985e+01
1.594476673429995550e+00 5.566671709259700407e+01 1.111110574294678059e+02
1.610263571186728138e+00 5.348797782176811921e+01 1.320124951800580959e+02
1.626050468943460725e+00 5.144231724683514528e+01 1.158613484486268277e+02
1.641837366700193535e+00 4.978041467141206056e+01 1.160488778178556686e+02
1.657624264456926122e+00 4.772875315666376395e+01 1.219446078370371964e+02
1.673411162213658709e+00 4.587818722062687016e+01 1.192864844354988207e+02
1.689198059970391297e+00 4.391158565472780140e+01 1.105261026214092652e+02
1.704984957727123884e+00 4.234135193674177344e+01 9.248414339977095722e+01
1.720771855483856472e+00 4.095209306593513077e+01 8.514769605124160989e+01
1.736558753240589281e+00 3.961662566310204170e+01 9.034380584468570419e+01
1.752345650997321869e+00 3.806109127890518806e+01 8.962631149501042671e+01
1.768132548754054456e+00 3.674858369526170776e+01 8.725764834421866567e+01
1.783919446510787044e+00 3.526884653189019048e+01 8.604755008500863767e+01
1.799706344267519631e+00 3.399506209254143130e+01 8.344310306462432436e+01
1.815493242024252440e+00 3.259866723382221210e+01 8.321924600997132870e+01
1.831280139780985028e+00 3.133204622022234886e+01 7.637184713826682980e+01
1.847067037537717615e+00 3.015476812539767337e+01 6.929704387903457530e+01
1.862853935294450203e+00 2.911454081609324263e+01 6.870255374521727276e+01
1.878640833051182790e+00 2.795628640555072053e+01 6.787398950393263419e+01
1.894427730807915378e+00 2.694257315196739810e+01 6.765482963469837330e+01
1.910214628564648187e+00 2.579133185724037247e+01 7.048534174304133160e+01
1.926001526321380775e+00 2.468704221619007555e+01 7.237883071273066093e+01
1.941788424078113362e+00 2.347520927443299144e+01 7.836623847564550260e+01
1.957575321834845949e+00 2.217932258496941955e+01 8.129548764243143921e+01
1.973362219591578537e+00 2.087375366987518532e+01 7.917728886737229743e+01
1.989149117348311346e+00 1.964564934121350603e+01 7.651107418599589494e+01
2.004936015105043712e+00 1.842539929592331660e+01 7.470539982207591834e+01
2.020722912861776521e+00 1.725507654690707682e+01 7.146540086390839974e+01
2.036509810618509331e+00 1.613850646827824775e+01 6.685441311153827826e+01
2.052296708375241696e+00 1.511573532733785186e+01 6.225548172386491075e+01
2.068083606131974506e+00 1.414633105311457051e+01 5.914373554969781566e+01
2.083870503888706871e+00 1.322313578974752168e+01 5.751203738423477319e+01
2.099657401645439680e+00 1.230594585681905784e+01 5.493149460781437909e+01
2.115444299402172490e+00 1.146532796229746154e+01 5.153177085335508423e+01
2.131231197158904855e+00 1.065692918951169510e+01 4.935076210209543746e+01
2.147018094915637665e+00 9.886103575030407598e+00 4.748411826268478109e+01
2.162804992672370030e+00 9.137437405105782062e+00 4.448694963422361326e+01
2.178591890429102840e+00 8.462521186735251888e+00 3.976386186200416972e+01
2.194378788185835649e+00 7.864993825521648496e+00 3.489151258848121984e+01
2.210165685942568015e+00 7.345992783903852796e+00 3.159486916071671558e+01
2.225952583699300824e+00 6.853958012378713605e+00 2.807857347118841673e+01
2.241739481456033189e+00 6.447478432825823447e+00 2.329532197097061541e+01
2.257526379212765999e+00 6.108507709307653855e+00 1.911908314530635877e+01
2.273313276969498808e+00 5.835667772176019952e+00 1.514289749839226040e+01
2.289100174726231174e+00 5.623934989359101522e+00 1.211785404756537865e+01
2.304887072482963983e+00 5.447896442653927807e+00 9.341778213131895825e+00
2.320673970239696349e+00 5.324998086538880848e+00 5.294027305361742819e+00
2.336460867996429158e+00 5.278487568882352043e+00 1.758049807198541759e+00
2.352247765753161524e+00 5.268740492708527512e+00 -4.629326598828698014e-01
2.368034663509894333e+00 5.293301413998603877e+00 -3.089036012778045848e+00
2.383821561266627143e+00 5.367589645117424979e+00 -5.373976943115171601e+00
2.399608459023359508e+00 5.465268676178289375e+00 -7.957148353017307052e+00
2.415395356780092317e+00 5.622218392413978805e+00 -1.043946412182661376e+01
2.431182254536824683e+00 5.799331528076741016e+00 -1.131791691660849430e+01
2.446969152293557492e+00 5.984391733745450637e+00 -1.236985289255959586e+01
2.462756050050290302e+00 6.195166820638648097e+00 -1.350642065218157661e+01
2.478542947807022667e+00 6.416597194615261124e+00 -1.319359909901057826e+01
2.494329845563755477e+00 6.617361991806986588e+00 -1.240438854187808637e+01
2.510116743320487842e+00 6.813537627955359888e+00 -1.040238385597744220e+01
2.525903641077220652e+00 6.950238275198264759e+00 -7.931194277804475945e+00
2.541690538833953461e+00 7.067335844845103132e+00 -6.204610046009251256e+00
2.557477436590685826e+00 7.148785796670560799e+00 -3.369151423459975980e+00
2.573264334347418636e+00 7.175148690395822371e+00 -1.497310094615844633e-01
2.589051232104151001e+00 7.153577188973331502e+00 1.959229827932451595e+00
2.604838129860883811e+00 7.112453335901983920e+00 4.006766732436744860e+00
2.620625027617616620e+00 7.025360653535355659e+00 5.597050446815771352e+00
2.636411925374348986e+00 6.933347721603879243e+00 6.282513326191951464e+00
2.652198823131081795e+00 6.824320227097213198e+00 7.383946873041447034e+00
2.667985720887814161e+00 6.697061421666552938e+00 9.360441866288898183e+00
2.683772618644546970e+00 6.524786087375968435e+00 1.183930934375740307e+01
2.699559516401279780e+00 6.318203522666316019e+00 1.421732454198987305e+01
2.715346414158012145e+00 6.069831702032292498e+00 1.648951846752083483e+01
2.731133311914744954e+00 5.790538931705649262e+00 1.794536546511404751e+01
2.746920209671477320e+00 5.495580007148642920e+00 2.034313156646921783e+01
2.762707107428210129e+00 5.139558721578634248e+00 2.300631703840583242e+01
2.778494005184942495e+00 4.759377861919656283e+00 2.243709107220284693e+01
2.794280902941675304e+00 4.421571807268143139e+00 2.031171791013131056e+01
2.810067800698408114e+00 4.109402888795454345e+00 1.857504892133375662e+01
2.825854698455140479e+00 3.827170241785462945e+00 1.617193388620488648e+01
2.841641596211873289e+00 3.591901004436897971e+00 1.560083782430661437e+01
2.857428493968605654e+00 3.327943431407651254e+00 1.458588797063659115e+01
2.873215391725338463e+00 3.125152589376527068e+00 1.226098143947708330e+01
2.889002289482071273e+00 2.935592025344384570e+00 1.122016218657792486e+01
2.904789187238803638e+00 2.766107399406033451e+00 9.387331224435497390e+00
2.920576084995536448e+00 2.635197426162448675e+00 7.080428586414999614e+00
2.936362982752268813e+00 2.539533684640753464e+00 5.349056145201827484e+00
2.952149880509001623e+00 2.464027629515990192e+00 1.554302691357117849e-01
2.967936778265734432e+00 2.534559916028410687e+00 -5.691588984800488582e+00
2.983723676022466798e+00 2.646158477029605827e+00 -9.382487196854292222e+00
2.999510573779199607e+00 2.834799506327748020e+00 -1.158234385116108101e+01
3.015297471535931972e+00 3.016793480266760419e+00 -1.061757500026119772e+01
3.031084369292664782e+00 3.174561906336106354e+00 -8.821037197554378650e+00
3.046871267049397591e+00 3.299066670588500561e+00 -6.398773559394096644e+00
3.062658164806129957e+00 3.379322660236717457e+00 2.776649556317012379e+00
3.078445062562862766e+00 3.210213884786356164e+00 1.342436094212964726e+01
3.094231960319595132e+00 2.949743110088568709e+00 1.567313294684165292e+01
3.110018858076327941e+00 2.708673630487423267e+00 9.753363886318853204e+00
3.125805755833060751e+00 2.637635465726365425e+00 2.835870214040414616e+00
3.141592653589793116e+00 2.617925783638130000e+00 1.231855130514714070e+00
