0.000000000000000000e+00 1.041898202244067875e+02 5.660046445634669965e+00
1.578689775673262907e-02 1.040992594812766328e+02 1.132009289126978402e+01
3.157379551346525814e-02 1.038275772518861544e+02 2.264018578254001213e+01
4.736069327019788722e-02 1.033747735362353524e+02 3.396027867381023668e+01
6.314759102693051629e-02 1.027408483343242267e+02 3.962032511944579483e+01
7.893448878366314536e-02 1.021069231324130868e+02 3.962032511944535429e+01
9.472138654039577443e-02 1.014729979305019754e+02 3.962032511944535429e+01
1.105082842971284035e-01 1.008390727285908355e+02 3.962032511944579483e+01
1.262951820538610326e-01 1.002051475266797098e+02 3.962032511944579483e+01
1.420820798105936755e-01 9.957122232476856993e+01 3.962032511944490665e+01
1.578689775673262907e-01 9.893729712285747269e+01 3.962032511944535429e+01
1.736558753240589059e-01 9.830337192094631860e+01 3.962032511944579483e+01
1.894427730807915489e-01 9.766944671903520714e+01 3.962032511944490665e+01
2.052296708375241918e-01 9.703552151712408147e+01 3.962032511944579483e+01
2.210165685942568070e-01 9.640159631521294159e+01 3.962032511944579483e+01
2.368034663509894222e-01 9.576767111330181592e+01 3.962032511944535429e+01
2.525903641077220652e-01 9.513374591139069025e+01 3.962032511944535429e+01
2.683772618644547081e-01 9.449982070947956458e+01 3.962032511944535429e+01
2.841641596211873511e-01 9.386589550756843892e+01 3.962032511944579483e+01
2.999510573779199385e-01 9.323197030565729904e+01 3.962032511944535429e+01
3.157379551346525814e-01 9.259804510374618758e+01 3.962032511944490665e+01
3.315248528913852244e-01 9.196411990183506191e+01 3.962032511944535429e+01
3.473117506481178118e-01 9.133019469992393624e+01 3.962032511944579483e+01
3.630986484048504548e-01 9.069626949801279636e+01 3.962032511944535429e+01
3.788855461615830977e-01 9.006234429610168490e+01 3.962032511944490665e+01
3.946724439183157407e-01 8.942841909419055924e+01 3.962032511944535429e+01
4.104593416750483836e-01 8.879449389227943357e+01 3.962032511944535429e+01
4.262462394317809711e-01 8.816056869036830790e+01 3.962032511944535429e+01
4.420331371885136140e-01 8.752664348845718223e+01 3.962032511944535429e+01
4.578200349452462570e-01 8.689271828654605656e+01 3.962032511944579483e+01
4.736069327019788444e-01 8.625879308463491668e+01 3.962032511944535429e+01
4.893938304587114874e-01 8.562486788272380522e+01 3.962032511944490665e+01
5.051807282154441303e-01 8.499094268081267955e+01 3.962032511944579483e+01
5.209676259721767178e-01 8.435701747890153968e+01 3.962032511944535429e+01
5.367545237289094162e-01 8.372309227699042822e+01 3.962032511944535429e+01
5.525414214856420037e-01 8.308916707507928834e+01 3.962032511944535429e+01
5.683283192423747021e-01 8.245524187316817688e+01 3.962032511944535429e+01
5.841152169991072896e-01 8.182131667125703700e+01 3.962032511944579483e+01
5.999021147558398770e-01 8.118739146934591133e+01 3.962032511944579483e+01
6.156890125125725755e-01 8.055346626743477145e+01 3.962032511944579483e+01
6.314759102693051629e-01 7.991954106552364578e+01 3.962032511944535429e+01
6.472628080260377503e-01 7.928561586361252012e+01 3.962032511944535429e+01
6.630497057827704488e-01 7.865169066170139445e+01 3.962032511944535429e+01
6.788366035395030362e-01 7.801776545979026878e+01 3.962032511944535429e+01
6.946235012962356237e-01 7.738384025787914311e+01 3.962032511944535429e+01
7.104103990529683221e-01 7.674991505596801744e+01 3.962032511944535429e+01
7.261972968097009096e-01 7.611598985405689177e+01 3.962032511944535429e+01
7.419841945664336080e-01 7.548206465214576610e+01 3.962032511944579483e+01
7.577710923231661955e-01 7.484813945023462622e+01 3.962032511944535429e+01
7.735579900798987829e-01 7.421421424832351477e+01 3.962032511944490665e+01
7.893448878366314814e-01 7.358028904641238910e+01 3.962032511944535429e+01
8.051317855933640688e-01 7.294636384450126343e+01 3.962032511944535429e+01
8.209186833500967673e-01 7.231243864259013776e+01 3.962032511944535429e+01
8.367055811068293547e-01 7.167851344067901209e+01 3.962032511944535429e+01
8.524924788635619421e-01 7.104458823876788642e+01 3.962032511944579483e+01
8.682793766202946406e-01 7.041066303685674654e+01 3.962032511944535429e+01
8.840662743770272280e-01 6.977673783494563509e+01 3.962032511944535429e+01
8.998531721337598155e-01 6.914281263303449521e+01 3.962032511944535429e+01
9.156400698904925139e-01 6.850888743112338375e+01 3.962032511944490665e+01
9.314269676472251014e-01 6.787496222921225808e+01 3.962032511944579483e+01
9.472138654039576888e-01 6.724103702730111820e+01 3.962032511944579483e+01
9.630007631606903873e-01 6.660711182538999253e+01 3.962032511944535429e+01
9.787876609174229747e-01 6.597318662347886686e+01 3.962032511944535429e+01
9.945745586741556732e-01 6.533926142156774119e+01 3.962032511944579483e+01
1.010361456430888261e+00 6.470533621965660132e+01 3.962032511944535429e+01
1.026148354187620848e+00 6.407141101774548986e+01 3.962032511944513402e+01
1.041935251944353436e+00 6.343748581583435708e+01 3.962032511944557456e+01
1.057722149701086245e+00 6.280356061392323141e+01 3.962032511944535429e+01
1.073509047457818832e+00 6.216963541201210575e+01 3.962032511944557456e+01
1.089295945214551420e+00 6.153571021010097297e+01 3.962032511944557456e+01
1.105082842971284007e+00 6.090178500818984730e+01 3.962032511944535429e+01
1.120869740728016595e+00 6.026785980627872163e+01 3.962032511944535429e+01
1.136656638484749404e+00 5.963393460436759597e+01 3.962032511944513402e+01
1.152443536241481992e+00 5.900000940245647740e+01 3.962032511944513402e+01
1.168230433998214579e+00 5.836608420054535173e+01 3.962032511944557456e+01
1.184017331754947167e+00 5.773215899863421896e+01 3.962032511944557456e+01
1.199804229511679754e+00 5.709823379672309329e+01 3.962032511944557456e+01
1.215591127268412341e+00 5.646430859481196052e+01 3.962032511944535429e+01
1.231378025025145151e+00 5.583038339290084195e+01 3.962032511944513402e+01
1.247164922781877738e+00 5.519645819098971629e+01 3.962032511944579483e+01
1.262951820538610326e+00 5.456253298907857641e+01 3.962032511944579483e+01
1.278738718295342913e+00 5.392860778716745074e+01 3.962032511944513402e+01
1.294525616052075501e+00 5.329468258525633217e+01 3.962032511944513402e+01
1.310312513808808310e+00 5.266075738334520651e+01 3.962032511944557456e+01
1.326099411565540898e+00 5.202683218143407373e+01 3.962032511944557456e+01
1.341886309322273485e+00 5.139290697952294806e+01 3.962032511944557456e+01
1.357673207079006072e+00 5.075898177761181529e+01 3.962032511944535429e+01
1.373460104835738660e+00 5.012505657570069673e+01 3.962032511944513402e+01
1.389247002592471247e+00 4.949113137378957106e+01 3.962032511944513402e+01
1.405033900349204057e+00 4.885720617187845249e+01 3.962032511944535429e+01
1.420820798105936644e+00 4.822328096996731972e+01 3.962032511944579483e+01
1.436607695862669232e+00 4.758935576805618695e+01 3.962032511944557456e+01
1.452394593619401819e+00 4.695543056614506128e+01 3.962032511944535429e+01
1.468181491376134407e+00 4.632150536423393561e+01 3.962032511944557456e+01
1.483968389132867216e+00 4.568758016232280283e+01 3.962032511944557456e+01
1.499755286889599804e+00 4.505365496041167717e+01 3.962032511944535429e+01
1.515542184646332391e+00 4.441972975850055150e+01 3.962032511944535429e+01
1.531329082403064978e+00 4.378580455658942583e+01 3.962032511944513402e+01
1.547115980159797566e+00 4.315187935467830727e+01 3.962032511944535429e+01
1.562902877916530375e+00 4.251795415276717449e+01 3.962032511944557456e+01
1.578689775673262963e+00 4.188402895085604882e+01 3.962032511944535429e+01
1.594476673429995550e+00 4.125010374894492315e+01 3.962032511944557456e+01
1.610263571186728138e+00 4.061617854703379038e+01 3.962032511944557456e+01
1.626050468943460725e+00 3.998225334512266471e+01 3.962032511944557456e+01
1.641837366700193535e+00 3.934832814321153194e+01 4.435274836887437289e+01
1.657624264456926122e+00 3.856296539731868478e+01 4.222705801538295844e+01
1.673411162213658709e+00 3.799706228671927732e+01 3.749463476595416012e+01
1.689198059970391297e+00 3.736313708480815166e+01 3.328764760459446137e+01
1.704984957727123884e+00 3.693185756337225456e+01 3.164666580470010260e+01
1.720771855483856472e+00 3.635044377905774837e+01 3.241817630053333943e+01
1.736558753240589281e+00 3.589447592175518764e+01 3.432829275806547997e+01
1.752345650997321869e+00 3.525193841079965296e+01 3.724648376617057011e+01
1.768132548754054456e+00 3.470258844123772946e+01 4.069341194723951816e+01
1.783919446510787044e+00 3.394974922848798826e+01 4.382307075437807953e+01
1.799706344267519631e+00 3.330025017709763091e+01 5.204530273660989792e+01
1.815493242024252440e+00 3.228429954091647147e+01 5.907814116798548554e+01
1.831280139780985028e+00 3.140974965972209532e+01 6.026997520555221399e+01
1.847067037537717615e+00 3.035566033433880051e+01 6.347901921778276346e+01
1.862853935294450203e+00 2.937842104475304694e+01 6.233444060259473929e+01
1.878640833051182790e+00 2.836095823505576874e+01 6.716880097795718996e+01
1.894427730807915378e+00 2.722901941345841692e+01 7.366513020890307928e+01
1.910214628564648187e+00 2.600367406837087003e+01 7.330585859868610044e+01
1.926001526321380775e+00 2.488323193830046165e+01 7.231233401439662600e+01
1.941788424078113362e+00 2.368967937991017791e+01 7.526718147410949200e+01
1.957575321834845949e+00 2.247468213112895796e+01 7.470414447200812447e+01
1.973362219591578537e+00 2.129914675680591785e+01 7.303986551015717055e+01
1.989149117348311346e+00 2.013740643480392833e+01 7.074228582099839002e+01
2.004936015105043712e+00 1.903539361053396917e+01 6.971212614493649085e+01
2.020722912861776521e+00 1.790661839816596057e+01 7.106369459072325867e+01
2.036509810618509331e+00 1.676135538363082489e+01 6.914970471626074300e+01
2.052296708375241696e+00 1.569382784724561652e+01 6.541515472062530989e+01
2.068083606131974506e+00 1.466807043257081489e+01 6.261368079991375168e+01
2.083870503888706871e+00 1.369019006164837648e+01 5.867562503560463938e+01
2.099657401645439680e+00 1.279045043143146643e+01 5.581642339453595980e+01
2.115444299402172490e+00 1.190406451302322566e+01 5.243817677318857307e+01
2.131231197158904855e+00 1.111242877468943213e+01 4.662232818032141068e+01
2.147018094915637665e+00 1.041215001125294037e+01 4.432432538215702778e+01
2.162804992672370030e+00 9.694050362460407300e+00 4.273115748772926281e+01
2.178591890429102840e+00 9.044752971645603878e+00 3.871925751635429691e+01
2.194378788185835649e+00 8.455034121937069713e+00 3.513853282170558856e+01
2.210165685942568015e+00 7.920319921351024917e+00 3.120765928303373471e+01
2.225952583699300824e+00 7.456389024879990224e+00 2.779481523604282245e+01
2.241739481456033189e+00 7.030885833797654527e+00 2.539745797692671658e+01
2.257526379212765999e+00 6.643670369618335236e+00 2.093963817703647834e+01
2.273313276969498808e+00 6.360817412132487192e+00 1.671658812753745593e+01
2.289100174726231174e+00 6.108739549537136604e+00 1.444510205923440971e+01
2.304887072482963983e+00 5.898574146236986060e+00 1.218013660932487596e+01
2.320673970239696349e+00 5.718975178038740559e+00 9.681352890316214044e+00
2.336460867996429158e+00 5.588770853746867218e+00 6.126169650026297653e+00
2.352247765753161524e+00 5.522937749237899041e+00 1.804891890140797317e+00
2.368034663509894333e+00 5.531014313262361703e+00 -1.714732829697501737e+00
2.383821561266627143e+00 5.577809199788219097e+00 -4.434503472314027306e+00
2.399608459023359508e+00 5.672918424376410584e+00 -7.053785075304047858e+00
2.415395356780092317e+00 5.803530322197948621e+00 -9.617319923474171972e+00
2.431182254536824683e+00 5.980672661927584066e+00 -1.219559646132806208e+01
2.446969152293557492e+00 6.193789408960446607e+00 -1.328880080811245534e+01
2.462756050050290302e+00 6.405914287787182637e+00 -1.268118107907101333e+01
2.478542947807022667e+00 6.599587203490719034e+00 -1.152962635663803859e+01
2.494329845563755477e+00 6.774862331199599907e+00 -1.129460504031465362e+01
2.510116743320487842e+00 6.961014564780787950e+00 -1.153153765350384319e+01
2.525903641077220652e+00 7.143871536111722875e+00 -1.066694232632994677e+01
2.541690538833953461e+00 7.302356719223346282e+00 -8.265815103864342817e+00
2.557477436590685826e+00 7.408377619435381867e+00 -5.174875864262379110e+00
2.573264334347418636e+00 7.467952746879742421e+00 -1.872522456104364075e+00
2.589051232104151001e+00 7.468298338030721517e+00 1.726011306673186363e+00
2.604838129860883811e+00 7.412720385066200457e+00 6.444754023390896869e+00
2.620625027617616620e+00 7.262066209282212803e+00 1.208691642190692939e+01
2.636411925374348986e+00 7.025939059565178724e+00 1.705563006048146946e+01
2.652198823131081795e+00 6.716286047346805788e+00 2.009282232013981329e+01
2.667985720887814161e+00 6.382968745320704684e+00 2.080285238651222102e+01
2.683772618644546970e+00 6.050594770978414694e+00 2.098696117772161429e+01
2.699559516401279780e+00 5.711385987633613048e+00 2.073787408708113844e+01
2.715346414158012145e+00 5.386982800191818299e+00 1.906606868678087352e+01
2.731133311914744954e+00 5.101271789656625089e+00 1.678711955532805078e+01
2.746920209671477320e+00 4.849794974421320681e+00 1.494043152672314179e+01
2.762707107428210129e+00 4.623177980801484566e+00 1.471154649251513113e+01
2.778494005184942495e+00 4.379025486660836464e+00 1.631901560769338744e+01
2.794280902941675304e+00 4.100969481355296153e+00 1.715322845244943295e+01
2.810067800698408114e+00 3.830122176182454652e+00 1.725575219563548046e+01
2.825854698455140479e+00 3.548785411094960818e+00 1.890845502898713804e+01
2.841641596211873289e+00 3.225051615254866277e+00 2.013463585770350406e+01
2.857428493968605654e+00 2.904477063648448709e+00 1.984900877424727739e+01
2.873215391725338463e+00 2.589883334478953358e+00 1.835004798045530805e+01
2.889002289482071273e+00 2.317275528273878837e+00 1.581497277250513989e+01
2.904789187238803638e+00 2.083804205758788886e+00 1.332421950916685915e+01
2.920576084995536448e+00 1.890900503980539327e+00 1.036274096838734415e+01
2.936362982752268813e+00 1.752196494770393853e+00 5.380989504434135817e+00
2.952149880509001623e+00 1.718708839838646973e+00 5.832095558815294511e-01
2.967936778265734432e+00 1.733533788982184909e+00 -2.326371603214444139e+00
2.983723676022466798e+00 1.793152731141509193e+00 -5.158234653014432070e+00
2.999510573779199607e+00 1.898597297878646728e+00 -9.465797267698681239e+00
3.015297471535931972e+00 2.096058243707866975e+00 -1.429215145725223834e+01
3.031084369292664782e+00 2.355946144510718376e+00 -1.549728669247278567e+01
3.046871267049397591e+00 2.591971417866996141e+00 -1.141132985114046150e+01
3.062658164806129957e+00 2.721108699747213144e+00 -8.129220263261737855e+00
3.078445062562862766e+00 2.852106466291371767e+00 -1.189252535478409101e+01
3.094231960319595132e+00 3.101669511100304089e+00 -1.862864785326902251e+01
3.110018858076327941e+00 3.448223197595980505e+00 -2.009579178244158371e+01
3.125805755833060751e+00 3.744734848138434824e+00 -1.449126412108968331e+01
3.141592653589793116e+00 3.911943649470850382e+00 -1.045055008327597257e+01
