0.000000000000000000e+00 1.293879913975468696e+02 6.748201276359111489e+00
1.578689775673262907e-02 1.292800201771251238e+02 1.349640255271999933e+01
3.157379551346525814e-02 1.289561065158598296e+02 2.699280510543911049e+01
4.736069327019788722e-02 1.284162504137510723e+02 4.048920765815910983e+01
6.314759102693051629e-02 1.276604518707987381e+02 4.723740893451999767e+01
7.893448878366314536e-02 1.269046533278464324e+02 4.723740893451955003e+01
9.472138654039577443e-02 1.261488547848941124e+02 4.723740893451910949e+01
1.105082842971284035e-01 1.253930562419418209e+02 4.723740893451866185e+01
1.262951820538610326e-01 1.246372576989895151e+02 4.723740893451955003e+01
1.420820798105936755e-01 1.238814591560371952e+02 4.723740893451866185e+01
1.578689775673262907e-01 1.231256606130849178e+02 4.723740893451866185e+01
1.736558753240589059e-01 1.223698620701325979e+02 4.723740893451955003e+01
1.894427730807915489e-01 1.216140635271802921e+02 4.723740893451955003e+01
2.052296708375241918e-01 1.208582649842279721e+02 4.723740893451910949e+01
2.210165685942568070e-01 1.201024664412756806e+02 4.723740893451866185e+01
2.368034663509894222e-01 1.193466678983233749e+02 4.723740893451955003e+01
2.525903641077220652e-01 1.185908693553710549e+02 4.723740893451866185e+01
2.683772618644547081e-01 1.178350708124187776e+02 4.723740893451866185e+01
2.841641596211873511e-01 1.170792722694664576e+02 4.723740893451999767e+01
2.999510573779199385e-01 1.163234737265141376e+02 4.723740893451955003e+01
3.157379551346525814e-01 1.155676751835618319e+02 4.723740893451955003e+01
3.315248528913852244e-01 1.148118766406095119e+02 4.723740893451910949e+01
3.473117506481178118e-01 1.140560780976572204e+02 4.723740893451910949e+01
3.630986484048504548e-01 1.133002795547049004e+02 4.723740893451955003e+01
3.788855461615830977e-01 1.125444810117525947e+02 4.723740893451866185e+01
3.946724439183157407e-01 1.117886824688003031e+02 4.723740893451866185e+01
4.104593416750483836e-01 1.110328839258479974e+02 4.723740893451955003e+01
4.262462394317809711e-01 1.102770853828956774e+02 4.723740893451955003e+01
4.420331371885136140e-01 1.095212868399433717e+02 4.723740893451910949e+01
4.578200349452462570e-01 1.087654882969910659e+02 4.723740893451910949e+01
4.736069327019788444e-01 1.080096897540387602e+02 4.723740893451910949e+01
4.893938304587114874e-01 1.072538912110864544e+02 4.723740893451866185e+01
5.051807282154441303e-01 1.064980926681341629e+02 4.723740893451910949e+01
5.209676259721767178e-01 1.057422941251818429e+02 4.723740893451999767e+01
5.367545237289094162e-01 1.049864955822295229e+02 4.723740893451955003e+01
5.525414214856420037e-01 1.042306970392772172e+02 4.723740893451910949e+01
5.683283192423747021e-01 1.034748984963249114e+02 4.723740893451866185e+01
5.841152169991072896e-01 1.027190999533726199e+02 4.723740893451866185e+01
5.999021147558398770e-01 1.019633014104203141e+02 4.723740893451866185e+01
6.156890125125725755e-01 1.012075028674680226e+02 4.723740893451910949e+01
6.314759102693051629e-01 1.004517043245157026e+02 4.723740893451999767e+01
6.472628080260377503e-01 9.969590578156338267e+01 4.723740893451955003e+01
6.630497057827704488e-01 9.894010723861107692e+01 4.723740893451910949e+01
6.788366035395030362e-01 9.818430869565877117e+01 4.723740893451866185e+01
6.946235012962356237e-01 9.742851015270647963e+01 4.723740893451866185e+01
7.104103990529683221e-01 9.667271160975417388e+01 4.723740893451866185e+01
7.261972968097009096e-01 9.591691306680188234e+01 4.723740893451910949e+01
7.419841945664336080e-01 9.516111452384956237e+01 4.723740893451999767e+01
7.577710923231661955e-01 9.440531598089724241e+01 4.723740893451955003e+01
7.735579900798987829e-01 9.364951743794493666e+01 4.723740893451910949e+01
7.893448878366314814e-01 9.289371889499263091e+01 4.723740893451955003e+01
8.051317855933640688e-01 9.213792035204031095e+01 4.723740893451955003e+01
8.209186833500967673e-01 9.138212180908800519e+01 4.723740893451866185e+01
8.367055811068293547e-01 9.062632326613571365e+01 4.723740893451822132e+01
8.524924788635619421e-01 8.987052472318342211e+01 4.723740893451910949e+01
8.682793766202946406e-01 8.911472618023110215e+01 4.723740893451999767e+01
8.840662743770272280e-01 8.835892763727878219e+01 4.723740893451955003e+01
8.998531721337598155e-01 8.760312909432647643e+01 4.723740893451910949e+01
9.156400698904925139e-01 8.684733055137417068e+01 4.723740893451910949e+01
9.314269676472251014e-01 8.609153200842186493e+01 4.723740893451910949e+01
9.472138654039576888e-01 8.533573346546955918e+01 4.723740893451866185e+01
9.630007631606903873e-01 8.457993492251726764e+01 4.723740893451866185e+01
9.787876609174229747e-01 8.382413637956496189e+01 4.723740893451955003e+01
9.945745586741556732e-01 8.306833783661264192e+01 4.723740893451955003e+01
1.010361456430888261e+00 8.231253929366033617e+01 4.723740893451910949e+01
1.026148354187620848e+00 8.155674075070803042e+01 4.723740893451955003e+01
1.041935251944353436e+00 8.080094220775571046e+01 4.723740893451910949e+01
1.057722149701086245e+00 8.004514366480341891e+01 4.723740893451822132e+01
1.073509047457818832e+00 7.928934512185112737e+01 4.723740893451866185e+01
1.089295945214551420e+00 7.853354657889882162e+01 4.723740893451955003e+01
1.105082842971284007e+00 7.777774803594650166e+01 4.723740893451999767e+01
1.120869740728016595e+00 7.702194949299418170e+01 4.723740893451910949e+01
1.136656638484749404e+00 7.626615095004189016e+01 4.723740893451910949e+01
1.152443536241481992e+00 7.551035240708957019e+01 4.723740893451910949e+01
1.168230433998214579e+00 7.475455386413727865e+01 4.723740893451866185e+01
1.184017331754947167e+00 7.399875532118497290e+01 4.723740893451910949e+01
1.199804229511679754e+00 7.324295677823266715e+01 4.723740893451910949e+01
1.215591127268412341e+00 7.248715823528036140e+01 4.723740893451910949e+01
1.231378025025145151e+00 7.173135969232805564e+01 4.723740893451910949e+01
1.247164922781877738e+00 7.097556114937574989e+01 4.723740893451955003e+01
1.262951820538610326e+00 7.021976260642342993e+01 4.723740893451955003e+01
1.278738718295342913e+00 6.946396406347112418e+01 4.723740893451910949e+01
1.294525616052075501e+00 6.870816552051881843e+01 4.723740893451866185e+01
1.310312513808808310e+00 6.795236697756652688e+01 4.723740893451910949e+01
1.326099411565540898e+00 6.719656843461420692e+01 4.723740893451955003e+01
1.341886309322273485e+00 6.644076989166190117e+01 4.723740893451910949e+01
1.357673207079006072e+00 6.568497134870959542e+01 4.723740893451910949e+01
1.373460104835738660e+00 6.492917280575728967e+01 4.723740893451955003e+01
1.389247002592471247e+00 6.417337426280496970e+01 6.081242105337136650e+01
1.405033900349204057e+00 6.298317533204940588e+01 6.568731552068562962e+01
1.420820798105936644e+00 6.207138016614302956e+01 5.211230340183381315e+01
1.436607695862669232e+00 6.131558162319072380e+01 5.195883036044524061e+01
1.452394593619401819e+00 6.040869759460878186e+01 5.486526969140204102e+01
1.468181491376134407e+00 5.955989299306585849e+01 5.165214366353243491e+01
1.483968389132867216e+00 5.875582899737574394e+01 5.894868765877480854e+01
1.499755286889599804e+00 5.767353498798506450e+01 5.583152469298502041e+01
1.515542184646332391e+00 5.696922020720022317e+01 6.381931715439703368e+01
1.531329082403064978e+00 5.563131683904435931e+01 9.742521812335036202e+01
1.547115980159797566e+00 5.385161322725301147e+01 1.071748949725412814e+02
1.562902877916530375e+00 5.220172019992303802e+01 1.081975937918002728e+02
1.578689775673262963e+00 5.038929022591540274e+01 1.214605426933370609e+02
1.594476673429995550e+00 4.831498283373625213e+01 1.145421617753266048e+02
1.610263571186728138e+00 4.672394104910495116e+01 1.016192088512726173e+02
1.626050468943460725e+00 4.506316815049552815e+01 8.791125468239013685e+01
1.641837366700193535e+00 4.391078089926846673e+01 6.420143259281508108e+01
1.657624264456926122e+00 4.300872230752544567e+01 6.128818691424386600e+01
1.673411162213658709e+00 4.194955891801266290e+01 6.622453789396809043e+01
1.689198059970391297e+00 4.088953709491846666e+01 5.757322200588532723e+01
1.704984957727123884e+00 4.010721581382433243e+01 5.918445442241493026e+01
1.720771855483856472e+00 3.899563455340118878e+01 6.353280874618860707e+01
1.736558753240589281e+00 3.807416593394629700e+01 6.906625061111392938e+01
1.752345650997321869e+00 3.678551453384554293e+01 8.024535094686213199e+01
1.768132548754054456e+00 3.550631470364670861e+01 7.630504943920723804e+01
1.783919446510787044e+00 3.434375295179091125e+01 7.221359764375745272e+01
1.799706344267519631e+00 3.319547957904647006e+01 7.692596452182365852e+01
1.815493242024252440e+00 3.188212208709255435e+01 8.212326175606187917e+01
1.831280139780985028e+00 3.056753520285248982e+01 8.546468930933825447e+01
1.847067037537717615e+00 2.914725202919373004e+01 8.269914325109684228e+01
1.862853935294450203e+00 2.792116261881739092e+01 7.688883280908753193e+01
1.878640833051182790e+00 2.668680937930292885e+01 7.596945960161160372e+01
1.894427730807915378e+00 2.549013991156581938e+01 7.268407328247073451e+01
1.910214628564648187e+00 2.436091903426386551e+01 6.910846075414944778e+01
1.926001526321380775e+00 2.327866916743303705e+01 6.508415176532855639e+01
1.941788424078113362e+00 2.227822617777335168e+01 6.335240078698134170e+01
1.957575321834845949e+00 2.125139234224963403e+01 6.477894898054448447e+01
1.973362219591578537e+00 2.020529981039592826e+01 6.607239278840182806e+01
1.989149117348311346e+00 1.913707577302077567e+01 6.730061814255449804e+01
2.004936015105043712e+00 1.805168002983418418e+01 6.776715295168401099e+01
2.020722912861776521e+00 1.696852687856688746e+01 6.654861487086371596e+01
2.036509810618509331e+00 1.592212435396654513e+01 6.466564070174079859e+01
2.052296708375241696e+00 1.489922637611118184e+01 6.188004346671110767e+01
2.068083606131974506e+00 1.394196296303178961e+01 5.929457128936715549e+01
2.083870503888706871e+00 1.300180009485143273e+01 5.735001633470781712e+01
2.099657401645439680e+00 1.210676244032113935e+01 5.499947885691614147e+01
2.115444299402172490e+00 1.124181677143011626e+01 5.345810113267984320e+01
2.131231197158904855e+00 1.039610320407538424e+01 5.152658636161250172e+01
2.147018094915637665e+00 9.592966007858516164e+00 4.824209784707844761e+01
2.162804992672370030e+00 8.852356072968873946e+00 4.529537418506573943e+01
2.178591890429102840e+00 8.143514033936412488e+00 4.187704801642605190e+01
2.194378788185835649e+00 7.512290536443240185e+00 3.711061608362845021e+01
2.210165685942568015e+00 6.955974319260302074e+00 3.168226987964314745e+01
2.225952583699300824e+00 6.498457900294659417e+00 2.586447952899842306e+01
2.241739481456033189e+00 6.128310974332352501e+00 2.110921100042725840e+01
2.257526379212765999e+00 5.822963148280987156e+00 1.765996474516914816e+01
2.273313276969498808e+00 5.563192102486939739e+00 1.373125681236736462e+01
2.289100174726231174e+00 5.383562930285231474e+00 9.307196671501094087e+00
2.304887072482963983e+00 5.265361808998904714e+00 5.552867074516076862e+00
2.320673970239696349e+00 5.205871183900717014e+00 2.745320737759043617e+00
2.336460867996429158e+00 5.177511545390615311e+00 4.947116934996553805e-01
2.352247765753161524e+00 5.190040409708728042e+00 -2.732047455041630712e+00
2.368034663509894333e+00 5.264937063951947493e+00 -6.622712408861391786e+00
2.383821561266627143e+00 5.401967206792292586e+00 -9.446444727766289517e+00
2.399608459023359508e+00 5.567223295240468772e+00 -1.074426726711427627e+01
2.415395356780092317e+00 5.745783759339949448e+00 -1.195203582725987168e+01
2.431182254536824683e+00 5.949688441712784659e+00 -1.333704906162305726e+01
2.446969152293557492e+00 6.172569329311887287e+00 -1.416049322172127667e+01
2.462756050050290302e+00 6.402824224807865505e+00 -1.340685004681443893e+01
2.478542947807022667e+00 6.601588530809949340e+00 -1.138032521606324643e+01
2.494329845563755477e+00 6.766994631721889419e+00 -1.005368294099903714e+01
2.510116743320487842e+00 6.923306384921918522e+00 -9.448764173645818332e+00
2.525903641077220652e+00 7.069355085278555606e+00 -7.964767753571466713e+00
2.541690538833953461e+00 7.178178953036205456e+00 -5.186116387614320367e+00
2.557477436590685826e+00 7.235310809682213851e+00 -2.884865026544225497e+00
2.573264334347418636e+00 7.270494633885620672e+00 -1.308245224990706168e+00
2.589051232104151001e+00 7.277174656881916448e+00 -5.066727159452888429e-02
2.604838129860883811e+00 7.272115986576645597e+00 1.809706177291814377e+00
2.620625027617616620e+00 7.219264059208578388e+00 4.506926794482141396e+00
2.636411925374348986e+00 7.127894329153217079e+00 6.885440686359295626e+00
2.652198823131081795e+00 6.998929957245080935e+00 8.432920595986576728e+00
2.667985720887814161e+00 6.858040870081646645e+00 1.045381012039131541e+01
2.683772618644546970e+00 6.664408033392558828e+00 1.325400613515120796e+01
2.699559516401279780e+00 6.433912673756807976e+00 1.664354872954595876e+01
2.715346414158012145e+00 6.131814474047088126e+00 1.952101071817022415e+01
2.731133311914744954e+00 5.809240330775360839e+00 2.030410066153981319e+01
2.746920209671477320e+00 5.482083252877814061e+00 2.098271658617786883e+01
2.762707107428210129e+00 5.137793400017669043e+00 2.143808819594356052e+01
2.778494005184942495e+00 4.796064430607620110e+00 2.122070310835924545e+01
2.794280902941675304e+00 4.458730900550173182e+00 1.990256946826077211e+01
2.810067800698408114e+00 4.159182207623275396e+00 1.733684182773985327e+01
2.825854698455140479e+00 3.903951962062497838e+00 1.461931409620767397e+01
2.841641596211873289e+00 3.691364156544629793e+00 1.358074406253539834e+01
2.857428493968605654e+00 3.469368152061365063e+00 1.283153096926076309e+01
2.873215391725338463e+00 3.280755165528285389e+00 1.091506208221967889e+01
2.889002289482071273e+00 3.120086165430335345e+00 8.447844633295453320e+00
2.904789187238803638e+00 3.010424137262830868e+00 6.340485521352245968e+00
2.920576084995536448e+00 2.917190628747063474e+00 4.363065347371352765e+00
2.936362982752268813e+00 2.870806046146947565e+00 3.880289917827489443e+00
2.952149880509001623e+00 2.793021351376583805e+00 3.008225037113232414e+00
2.967936778265734432e+00 2.774542844959324128e+00 -1.678940191872646537e-01
2.983723676022466798e+00 2.798393959990576274e+00 -2.732816494875042856e+00
2.999510573779199607e+00 2.861992972795325496e+00 -4.494806561500072739e+00
3.015297471535931972e+00 2.942227769958578598e+00 -6.490423260681457585e+00
3.031084369292664782e+00 3.069686517137132142e+00 -8.968990441284935500e+00
3.046871267049397591e+00 3.229235464079696527e+00 -1.564938626467955629e+01
3.062658164806129957e+00 3.570466877606877976e+00 -2.217847876580980682e+01
3.078445062562862766e+00 3.938946784585610317e+00 -2.510055568570783535e+01
3.094231960319595132e+00 4.373684659549528675e+00 -2.883616025095181357e+01
3.110018858076327941e+00 4.861703912616068379e+00 -3.122974049388152551e+01
3.125805755833060751e+00 5.373036355353737470e+00 -3.507327319391858822e+01
3.141592653589793116e+00 5.984048654821463309e+00 -3.818826871673286405e+01
