1.000000000000000021e-03 1.870415359871650764e+02 3.370820410235069176e+01
4.100000000000000172e-02 1.856932078230710488e+02 6.741640820470102824e+01
8.100000000000000255e-02 1.816482233307889942e+02 1.348328164094020565e+02
1.209999999999999964e-01 1.749065825103188843e+02 1.685410205117530893e+02
1.610000000000000042e-01 1.681649416898487459e+02 1.685410205117534588e+02
2.010000000000000120e-01 1.614233008693786076e+02 1.685410205117527482e+02
2.409999999999999920e-01 1.546816600489085261e+02 1.685410205117523788e+02
2.810000000000000275e-01 1.479400192284384161e+02 1.685410205117530893e+02
3.210000000000000075e-01 1.411983784079682778e+02 1.685410205117530893e+02
3.609999999999999876e-01 1.344567375874981678e+02 1.685410205117527482e+02
4.010000000000000231e-01 1.277150967670280579e+02 1.685410205117527482e+02
4.410000000000000031e-01 1.209734559465579480e+02 1.685410205117529188e+02
4.809999999999999831e-01 1.142318151260878238e+02 1.685410205117530893e+02
5.210000000000000187e-01 1.074901743056176997e+02 1.685410205117529188e+02
5.610000000000000542e-01 1.007485334851475898e+02 1.685410205117529188e+02
6.009999999999999787e-01 9.400689266467746563e+01 1.685410205117530893e+02
6.410000000000000142e-01 8.726525184420734149e+01 1.685410205117529188e+02
6.810000000000000497e-01 8.052361102373723156e+01 1.685410205117529188e+02
7.209999999999999742e-01 7.378197020326710742e+01 1.685410205117530893e+02
7.610000000000000098e-01 6.704032938279698328e+01 1.685410205117528335e+02
8.010000000000000453e-01 6.029868856232688046e+01 1.685410205117527482e+02
8.409999999999999698e-01 5.355704774185676342e+01 1.678830454965322758e+02
8.810000000000000053e-01 4.686804492260429811e+01 1.706055857303403513e+02
9.210000000000000409e-01 3.990860088342953560e+01 1.712635607455609943e+02
9.609999999999999654e-01 3.316696006295941856e+01 1.607691725546185637e+02
1.000999999999999890e+00 2.704706707906004937e+01 1.427834529661694773e+02
1.040999999999999925e+00 2.174428382566586038e+01 1.223496728520974131e+02
1.080999999999999961e+00 1.725909325089225632e+01 9.705759533994839217e+01
1.120999999999999996e+00 1.397967619846998844e+01 7.230376074765759142e+01
1.160999999999999810e+00 1.147479239107964943e+01 5.729667233336965637e+01
1.200999999999999845e+00 9.395942411800415783e+00 4.864674628614079666e+01
1.240999999999999881e+00 7.583052688188385737e+00 4.185225524177646861e+01
1.280999999999999917e+00 6.047761992458298153e+00 3.533502412494786427e+01
1.320999999999999952e+00 4.756250758192556383e+00 2.993913076193300782e+01
1.360999999999999988e+00 3.652631531503657492e+00 2.670894043514470795e+01
1.401000000000000023e+00 2.619535523380979836e+00 2.502139854841386324e+01
1.440999999999999837e+00 1.650919647630548548e+00 2.344957071620297739e+01
1.480999999999999872e+00 7.435698660847416264e-01 2.135863482250805134e+01
1.520999999999999908e+00 -5.777113817009568719e-02 1.824007512643224516e+01
1.560999999999999943e+00 -7.156361440298379950e-01 1.487339901423774791e+01
1.600999999999999979e+00 -1.247643059309115454e+00 1.200657376283661115e+01
1.641000000000000014e+00 -1.676162045056766914e+00 9.895952595014707143e+00
1.680999999999999828e+00 -2.039319266910291972e+00 8.822395787382431465e+00
1.720999999999999863e+00 -2.381953708047361395e+00 8.461288488889273651e+00
1.760999999999999899e+00 -2.716222346021433864e+00 7.179817093700068931e+00
1.800999999999999934e+00 -2.956339075543366945e+00 4.775371528088900419e+00
1.840999999999999970e+00 -3.098252068268545933e+00 2.596957305701574903e+00
1.881000000000000005e+00 -3.164095659999492938e+00 9.185155427792246474e-01
1.920999999999999819e+00 -3.171733311690883905e+00 -1.850474048360140067e-01
1.960999999999999854e+00 -3.149291867612611817e+00 -9.775850760017856800e-01
2.000999999999999890e+00 -3.093526505610741051e+00 -1.782785679648074550e+00
2.040999999999999925e+00 -3.006669013240765853e+00 -2.509318578239294606e+00
2.080999999999999961e+00 -2.892781019351597482e+00 -3.022712093351587193e+00
2.120999999999999996e+00 -2.764852045772638878e+00 -3.254853780232258575e+00
2.161000000000000032e+00 -2.632392716933016796e+00 -3.345974968857334808e+00
2.201000000000000068e+00 -2.497174048264052093e+00 -3.340965308998122829e+00
2.241000000000000103e+00 -2.365115492213166970e+00 -3.411420676849913125e+00
2.281000000000000139e+00 -2.224260394116059025e+00 -3.432608060101582925e+00
2.320999999999999730e+00 -2.090506847405040336e+00 -3.428789646629404331e+00
2.360999999999999766e+00 -1.949957222385706679e+00 -3.502268264605346015e+00
2.400999999999999801e+00 -1.810325386236612655e+00 -3.469141567126082570e+00
2.440999999999999837e+00 -1.672425897015620055e+00 -3.274949140653243607e+00
2.480999999999999872e+00 -1.548329454984353148e+00 -3.224833917028152364e+00
2.520999999999999908e+00 -1.414439183653367849e+00 -3.359002198560348429e+00
2.560999999999999943e+00 -1.279609279099525265e+00 -3.282688581009421291e+00
2.600999999999999979e+00 -1.151824097172614136e+00 -3.032070998807717466e+00
2.641000000000000014e+00 -1.037043599194907850e+00 -2.737717586461379859e+00
2.681000000000000050e+00 -9.328066902557037299e-01 -2.299552975503980967e+00
2.721000000000000085e+00 -8.530793611545893773e-01 -1.750028522656688068e+00
2.761000000000000121e+00 -7.928044084431686844e-01 -1.381840556360594441e+00
2.801000000000000156e+00 -7.425321166457418132e-01 -1.216360178649077195e+00
2.840999999999999748e+00 -6.954955941512425133e-01 -1.166526360212280400e+00
2.880999999999999783e+00 -6.492100078287593723e-01 -1.231902222147335246e+00
2.920999999999999819e+00 -5.969434163794556936e-01 -1.386738328212362648e+00
2.960999999999999854e+00 -5.382709415717703560e-01 -1.497758941101160479e+00
3.000999999999999890e+00 -4.771227010913628441e-01 -1.459035796969004872e+00
3.040999999999999925e+00 -4.215480778142499663e-01 -1.252931074770439412e+00
3.080999999999999961e+00 -3.768882151097276978e-01 -9.508384406212960771e-01
3.120999999999999996e+00 -3.454810025645462801e-01 -6.676976334658684120e-01
3.161000000000000032e+00 -3.234724044324582271e-01 -4.388202297369719895e-01
3.201000000000000068e+00 -3.103753841855885209e-01 -3.098683751967277744e-01
3.241000000000000103e+00 -2.986829344167200029e-01 -2.843396289197670512e-01
3.281000000000000139e+00 -2.876282138720071546e-01 -3.072077692947393079e-01
3.321000000000000174e+00 -2.741063128731408560e-01 -3.393821166594347405e-01
3.360999999999999766e+00 -2.604776445392523732e-01 -3.706121235939757175e-01
3.400999999999999801e+00 -2.444573429856227997e-01 -3.867941247056298493e-01
3.440999999999999837e+00 -2.295341145628019830e-01 -3.845458976442273635e-01
3.480999999999999872e+00 -2.136936711740846095e-01 -4.000515153461787765e-01
3.520999999999999908e+00 -1.975299933351076787e-01 -4.108492966698563120e-01
3.560999999999999943e+00 -1.808257274404961035e-01 -4.222229518419603478e-01
3.600999999999999979e+00 -1.637521571877508519e-01 -4.397664229087067667e-01
3.641000000000000014e+00 -1.456444136077995610e-01 -4.683515913243296303e-01
3.681000000000000050e+00 -1.262840298818044826e-01 -4.934892532474262072e-01
3.721000000000000085e+00 -1.061652733480054622e-01 -4.981388050982074045e-01
3.761000000000000121e+00 -8.643292547394788861e-02 -4.905251528044120013e-01
3.801000000000000156e+00 -6.692326112365250268e-02 -4.827635946731722028e-01
3.840999999999999748e+00 -4.781183790009411322e-02 -4.542667151484922616e-01
3.880999999999999783e+00 -3.058192391177311925e-02 -3.837420547601755327e-01
3.920999999999999819e+00 -1.711247351928006991e-02 -2.912155606876577485e-01
3.960999999999999854e+00 -7.284679056760498712e-03 -2.139059189910008651e-01
4.001000000000000334e+00 0.000000000000000000e+00 -1.821169764190124774e-01
