1.000000000000000021e-03 1.338247171821775794e+02 8.700533973012625211e+00
4.100000000000000172e-02 1.334766958232570744e+02 1.728527540155582187e+01
8.100000000000000255e-02 1.324418951500531136e+02 3.411635137660695705e+01
1.209999999999999964e-01 1.307473877131285178e+02 5.007382098526029779e+01
1.610000000000000042e-01 1.284359894712322898e+02 6.480369858656658266e+01
2.010000000000000120e-01 1.255630918262031912e+02 7.804047947434912658e+01
2.409999999999999920e-01 1.221927511132843591e+02 8.962061502644758093e+01
2.810000000000000275e-01 1.183934426240873847e+02 9.948607965587949309e+01
3.210000000000000075e-01 1.142338647408139991e+02 1.076792478224772793e+02
3.609999999999999876e-01 1.097791027982892018e+02 1.143315023231540550e+02
4.010000000000000231e-01 1.050873445549616747e+02 1.196492066365168512e+02
4.410000000000000031e-01 1.002071662673678532e+02 1.238990733993892519e+02
4.809999999999999831e-01 9.517541868301053398e+01 1.273967362576312752e+02
5.210000000000000187e-01 9.001542736675735057e+01 1.304944904571160009e+02
5.610000000000000542e-01 8.473585944644125334e+01 1.335584077369810814e+02
6.009999999999999787e-01 7.933075474779886349e+01 1.369350201263182782e+02
6.410000000000000142e-01 7.378105783633579051e+01 1.408872258379327320e+02
6.810000000000000497e-01 6.805977668076424436e+01 1.455503512830892703e+02
7.209999999999999742e-01 6.213702973368864946e+01 1.507914415363040348e+02
7.610000000000000098e-01 5.599646135785992129e+01 1.564665960393741102e+02
8.010000000000000453e-01 4.961970205053872007e+01 1.648674092255515973e+02
8.409999999999999698e-01 4.280706861981579436e+01 1.740431621721614590e+02
8.810000000000000053e-01 3.569624907676580250e+01 1.778534084778813735e+02
9.210000000000000409e-01 2.857879594158528391e+01 1.749727669202816571e+02
9.609999999999999654e-01 2.169842772314326851e+01 1.647315325885677737e+02
1.000999999999999890e+00 1.540027333449986102e+01 1.410895683493303636e+02
1.040999999999999925e+00 1.041126225519683857e+01 1.076157705507461060e+02
1.080999999999999961e+00 6.791011690440171833e+00 7.633494616557327106e+01
1.120999999999999996e+00 4.304466561950976988e+00 5.000268319102508485e+01
1.160999999999999810e+00 2.790797035158164796e+00 2.947641043051819665e+01
1.200999999999999845e+00 1.946353727509521292e+00 1.882822971573616755e+01
1.240999999999999881e+00 1.284538657899271241e+00 1.592072524123903143e+01
1.280999999999999917e+00 6.726957082103989238e-01 1.449503717518234502e+01
1.320999999999999952e+00 1.249356838846835960e-01 1.298258210663301071e+01
1.360999999999999988e+00 -3.659108603202418930e-01 1.132518322450348514e+01
1.401000000000000023e+00 -7.810789740755952337e-01 9.333721846362921681e+00
1.440999999999999837e+00 -1.112608608029275636e+00 7.416843427045427539e+00
1.480999999999999872e+00 -1.374426448239229437e+00 5.772573105248299363e+00
1.520999999999999908e+00 -1.574414456449139577e+00 4.598596981840785247e+00
1.560999999999999943e+00 -1.742314206786492292e+00 3.813790934492841789e+00
1.600999999999999979e+00 -1.879517731208566911e+00 3.016987350793459477e+00
1.641000000000000014e+00 -1.983673194849969068e+00 2.061611928470341581e+00
1.680999999999999828e+00 -2.044446685486194237e+00 1.000450716765827197e+00
1.720999999999999863e+00 -2.063709252191235244e+00 -4.839930157023442092e-02
1.760999999999999899e+00 -2.040574741360575484e+00 -1.010627112887260592e+00
1.800999999999999934e+00 -1.982859083160254388e+00 -1.822309854500681059e+00
1.840999999999999970e+00 -1.894789953000520999e+00 -2.374434069987132911e+00
1.881000000000000005e+00 -1.792904357561283746e+00 -2.605915377039236258e+00
1.920999999999999819e+00 -1.686316722837382098e+00 -2.628541899265906867e+00
1.960999999999999854e+00 -1.582621005620011179e+00 -2.588701822737171643e+00
2.000999999999999890e+00 -1.479220577018408367e+00 -2.406516697821747819e+00
2.040999999999999925e+00 -1.390099669794271353e+00 -2.070680476849642737e+00
2.080999999999999961e+00 -1.313566138870436939e+00 -1.708140464220927912e+00
2.120999999999999996e+00 -1.253448432656597111e+00 -1.378738821822586447e+00
2.161000000000000032e+00 -1.203267033124630014e+00 -1.115049552560887225e+00
2.201000000000000068e+00 -1.164244468451726133e+00 -9.706895873107884709e-01
2.241000000000000103e+00 -1.125611866139766937e+00 -9.444172613681162121e-01
2.281000000000000139e+00 -1.088691087542276836e+00 -9.858491296960758543e-01
2.320999999999999730e+00 -1.046743935764080868e+00 -1.093620108788281753e+00
2.360999999999999766e+00 -1.001201478839214287e+00 -1.155799322035132359e+00
2.400999999999999801e+00 -9.542799900012702841e-01 -1.125345157153059716e+00
2.440999999999999837e+00 -9.111738662669695010e-01 -1.127492729059197174e+00
2.480999999999999872e+00 -8.640805716765345146e-01 -1.191325931506831415e+00
2.520999999999999908e+00 -8.158677917464229878e-01 -1.198653842970337502e+00
2.560999999999999943e+00 -7.681882642389075144e-01 -1.204402268246003382e+00
2.600999999999999979e+00 -7.195156102867427128e-01 -1.332767146612527709e+00
2.641000000000000014e+00 -6.615668925099053022e-01 -1.453573873697896923e+00
2.681000000000000050e+00 -6.032297003909109501e-01 -1.433858523204714519e+00
2.721000000000000085e+00 -5.468582106535281318e-01 -1.356416714012398383e+00
2.761000000000000121e+00 -4.947163632699190794e-01 -1.241698643392821655e+00
2.801000000000000156e+00 -4.475223191821023905e-01 -9.940314162376173712e-01
2.840999999999999748e+00 -4.151938499709096897e-01 -6.782313822199333986e-01
2.880999999999999783e+00 -3.932638086045077142e-01 -4.582512211350149300e-01
2.920999999999999819e+00 -3.785337522801084931e-01 -3.142188059449525506e-01
2.960999999999999854e+00 -3.681263041289115079e-01 -1.957266191888601403e-01
3.000999999999999890e+00 -3.628756227449996818e-01 -1.546247878179189683e-01
3.040999999999999925e+00 -3.557563211034779904e-01 -1.808908374880686953e-01
3.080999999999999961e+00 -3.484043557459541862e-01 -1.528141530350655974e-01
3.120999999999999996e+00 -3.435311888606727426e-01 -6.757322659959805189e-02
3.161000000000000032e+00 -3.429984976179863421e-01 -9.305828464822168966e-03
3.201000000000000068e+00 -3.427867225834869691e-01 2.698460650727568799e-03
3.241000000000000103e+00 -3.432143744700445476e-01 -3.582681141950372350e-03
3.281000000000000139e+00 -3.425001080921309393e-01 -6.068691527174388534e-02
3.321000000000000174e+00 -3.383594212483050367e-01 -1.696180811122632859e-01
3.360999999999999766e+00 -3.289306616031498764e-01 -2.736427057705096977e-01
3.400999999999999801e+00 -3.164680047866642587e-01 -3.240876699101273295e-01
3.440999999999999837e+00 -3.030036480103396879e-01 -3.544055311720403778e-01
3.480999999999999872e+00 -2.881155622929010285e-01 -4.009057314345587653e-01
3.520999999999999908e+00 -2.709311894955749866e-01 -4.656835956012891908e-01
3.560999999999999943e+00 -2.508608746447978932e-01 -5.361147482097410322e-01
3.600999999999999979e+00 -2.280420096387957007e-01 -6.111753267260301437e-01
3.641000000000000014e+00 -2.019668485067154795e-01 -6.718014860867496107e-01
3.681000000000000050e+00 -1.742978907518557274e-01 -6.980546479308523677e-01
3.721000000000000085e+00 -1.461224766722472868e-01 -6.959972552955094871e-01
3.761000000000000121e+00 -1.186181103282149679e-01 -6.738561981997188699e-01
3.801000000000000156e+00 -9.221398081626977494e-02 -6.320144210250702166e-01
3.840999999999999748e+00 -6.805695664620935170e-02 -5.715105759297671728e-01
3.880999999999999783e+00 -4.649313474188840334e-02 -4.968689299164790185e-01
3.920999999999999819e+00 -2.830744225289102620e-02 -4.157148112614187929e-01
3.960999999999999854e+00 -1.323594984097489768e-02 -3.538430281611378292e-01
4.001000000000000334e+00 0.000000000000000000e+00 -3.308987460243724144e-01
