0.000000000000000000e+00 1.527640474895114949e+03 1.343587265771569719e+02
1.578689775673262907e-02 1.525519367415916577e+03 2.687174531543499256e+02
3.157379551346525814e-02 1.519156044978320324e+03 5.374349063087071272e+02
4.736069327019788722e-02 1.508550507582327100e+03 8.061523594630569960e+02
6.314759102693051629e-02 1.493702755227936223e+03 1.074869812617414254e+03
7.893448878366314536e-02 1.474612787915148147e+03 1.343587265771756847e+03
9.472138654039577443e-02 1.451280605643962872e+03 1.477945992348935533e+03
1.105082842971284035e-01 1.427948423372777370e+03 1.477945992348935533e+03
1.262951820538610326e-01 1.404616241101592095e+03 1.477945992348935533e+03
1.420820798105936755e-01 1.381284058830406593e+03 1.477945992348935533e+03
1.578689775673262907e-01 1.357951876559221319e+03 1.477945992348935533e+03
1.736558753240589059e-01 1.334619694288035816e+03 1.477945992348942582e+03
1.894427730807915489e-01 1.311287512016850314e+03 1.477945992348935533e+03
2.052296708375241918e-01 1.287955329745665040e+03 1.477945992348920981e+03
2.210165685942568070e-01 1.264623147474479993e+03 1.477945992348942582e+03
2.368034663509894222e-01 1.241290965203294036e+03 1.477945992348942582e+03
2.525903641077220652e-01 1.217958782932108988e+03 1.477945992348920981e+03
2.683772618644547081e-01 1.194626600660923714e+03 1.477945992348935533e+03
2.841641596211873511e-01 1.171294418389738212e+03 1.477945992348942582e+03
2.999510573779199385e-01 1.147962236118552710e+03 1.477945992348935533e+03
3.157379551346525814e-01 1.124630053847367435e+03 1.477945992348928257e+03
3.315248528913852244e-01 1.101297871576182160e+03 1.477945992348935533e+03
3.473117506481178118e-01 1.077965689304996658e+03 1.477945992348935533e+03
3.630986484048504548e-01 1.054633507033811384e+03 1.477945992348935533e+03
3.788855461615830977e-01 1.031301324762625882e+03 1.477945992348942582e+03
3.946724439183157407e-01 1.007969142491440380e+03 1.477945992348938944e+03
4.104593416750483836e-01 9.846369602202549913e+02 1.477945992348935533e+03
4.262462394317809711e-01 9.613047779490696030e+02 1.477945992348931895e+03
4.420331371885136140e-01 9.379725956778843283e+02 1.477945992348938944e+03
4.578200349452462570e-01 9.146404134066987126e+02 1.477945992348942582e+03
4.736069327019788444e-01 8.913082311355133243e+02 1.477945992348931895e+03
4.893938304587114874e-01 8.679760488643280496e+02 1.477945992348938944e+03
5.051807282154441303e-01 8.446438665931424339e+02 1.477945992348935533e+03
5.209676259721767178e-01 8.213116843219572729e+02 1.477945992348931895e+03
5.367545237289094162e-01 7.979795020507717709e+02 1.477945992348935533e+03
5.525414214856420037e-01 7.746473197795864962e+02 1.477945992348931895e+03
5.683283192423747021e-01 7.513151375084011079e+02 1.477945992348935533e+03
5.841152169991072896e-01 7.279829552372157195e+02 1.477945992348935533e+03
5.999021147558398770e-01 7.046507729660303312e+02 1.477945992348938944e+03
6.156890125125725755e-01 6.813185906948448292e+02 1.477945992348938944e+03
6.314759102693051629e-01 6.579864084236594408e+02 1.477945992348935533e+03
6.472628080260377503e-01 6.346542261524740525e+02 1.477945992348935533e+03
6.630497057827704488e-01 6.113220438812886641e+02 1.477945992348938944e+03
6.788366035395030362e-01 5.879898616101031621e+02 1.477945992348935533e+03
6.946235012962356237e-01 5.646576793389178874e+02 1.477945992348931895e+03
7.104103990529683221e-01 5.413254970677324991e+02 1.477945992348938944e+03
7.261972968097009096e-01 5.179933147965469971e+02 1.477945992348935533e+03
7.419841945664336080e-01 4.946611325253617224e+02 1.477945992348931895e+03
7.577710923231661955e-01 4.713289502541763341e+02 1.477945992348937352e+03
7.735579900798987829e-01 4.479967679829908889e+02 1.477945992348937352e+03
7.893448878366314814e-01 4.246645857118055005e+02 1.477945992348933714e+03
8.051317855933640688e-01 4.013324034406201690e+02 1.477945992348935533e+03
8.209186833500967673e-01 3.780002211694347238e+02 1.477945992348937352e+03
8.367055811068293547e-01 3.546680388982493355e+02 1.477945992348935533e+03
8.524924788635619421e-01 3.313358566270639471e+02 1.494644922506873854e+03
8.682793766202946406e-01 3.074764257497781728e+02 1.494644922506873854e+03
8.840662743770272280e-01 2.841442434785927844e+02 1.492065416930192669e+03
8.998531721337598155e-01 2.603662573829109874e+02 1.504289664471332571e+03
9.156400698904925139e-01 2.366481092195556641e+02 1.553055467323532412e+03
9.314269676472251014e-01 2.113304016365685527e+02 1.566071327651932506e+03
9.472138654039576888e-01 1.872012933607724960e+02 1.459470883227458671e+03
9.630007631606903873e-01 1.652493664116882428e+02 1.332362888966977152e+03
9.787876609174229747e-01 1.451335399547993461e+02 1.193035655802238580e+03
9.945745586741556732e-01 1.275807025751154384e+02 1.067312514792311504e+03
1.010361456430888261e+00 1.114344328637845365e+02 9.709873878539510770e+02
1.026148354187620848e+00 9.692294534486100588e+01 8.481874627068065138e+02
1.041935251944353436e+00 8.465393535919488954e+01 7.352055126838955630e+02
1.057722149701086245e+00 7.370971682700729843e+01 6.236626146647466840e+02
1.073509047457818832e+00 6.496253949437709707e+01 4.948994915719906658e+02
1.089295945214551420e+00 5.808386148039534191e+01 3.258542970772914487e+02
1.105082842971284007e+00 5.467408255127473637e+01 1.942650283675662592e+02
1.120869740728016595e+00 5.195017719930027766e+01 1.794012042665872855e+02
1.136656638484749404e+00 4.900970561289209826e+01 1.825440695548836629e+02
1.152443536241481992e+00 4.618656807497860228e+01 1.945793750308614278e+02
1.168230433998214579e+00 4.286609621452981145e+01 1.882504650815516243e+02
1.184017331754947167e+00 4.024278638517895956e+01 1.504935152790974087e+02
1.199804229511679754e+00 3.811444473700503011e+01 1.190965012318214633e+02
1.215591127268412341e+00 3.648245780891626566e+01 9.866082535729253777e+01
1.231378025025145151e+00 3.499934801198416778e+01 7.779974177934994373e+01
1.247164922781877738e+00 3.402602467097467098e+01 4.837802412225475024e+01
1.262951820538610326e+00 3.347187017100260675e+01 2.918442674883904786e+01
1.278738718295342913e+00 3.310456154862912115e+01 2.007355137584380245e+01
1.294525616052075501e+00 3.283807196463267530e+01 1.623875491711212860e+01
1.310312513808808310e+00 3.259184242148294430e+01 8.383213150846032136e+00
1.326099411565540898e+00 3.257338210686206992e+01 -9.903906028122108296e+00
1.341886309322273485e+00 3.290454632519944766e+01 -1.896191900365037597e+01
1.357673207079006072e+00 3.317208186002621773e+01 -2.600977268998529013e+01
1.373460104835738660e+00 3.372577356946475646e+01 -3.518407166048599066e+01
1.389247002592471247e+00 3.428297654396551053e+01 -5.140738837326058075e+01
1.405033900349204057e+00 3.534889993784337747e+01 -6.683213018162039987e+01
1.420820798105936644e+00 3.639312055604928275e+01 -4.997509672056910546e+01
1.436607695862669232e+00 3.692680342246427472e+01 -2.018455384940043729e+01
1.452394593619401819e+00 3.703042353182078017e+01 -1.364479804262991181e+01
1.468181491376134407e+00 3.735762148568480256e+01 -2.606121437638966398e+01
1.483968389132867216e+00 3.785327498537348845e+01 -2.294949620686042735e+01
1.499755286889599804e+00 3.808222418605726034e+01 -1.159445029220437107e+01
1.515542184646332391e+00 3.821935578799058675e+01 -1.920619589150548023e+01
1.531329082403064978e+00 3.868863668772721098e+01 -1.698531756149309402e+01
1.547115980159797566e+00 3.875564673140844008e+01 -5.103500108279245495e+00
1.562902877916530375e+00 3.884977355654896769e+01 1.696901717797285869e+01
1.578689775673262963e+00 3.821987045296664576e+01 4.455892993296409088e+01
1.594476673429995550e+00 3.744287901454673317e+01 4.658129937873093951e+01
1.610263571186728138e+00 3.674912203163108870e+01 3.391822374082431679e+01
1.626050468943460725e+00 3.637195195397398351e+01 2.687906332983033764e+01
1.641837366700193535e+00 3.590044798246154301e+01 3.309700699506107213e+01
1.657624264456926122e+00 3.532695382300419595e+01 2.988640242121551083e+01
1.673411162213658709e+00 3.495682082378095146e+01 2.842240258157069732e+01
1.689198059970391297e+00 3.442955069589229566e+01 4.421647359126124144e+01
1.704984957727123884e+00 3.356073892828393213e+01 5.679799334954782353e+01
1.720771855483856472e+00 3.263622246829851292e+01 6.822373561475845349e+01
1.736558753240589281e+00 3.140665665081883162e+01 7.094184696035392790e+01
1.752345650997321869e+00 3.039631909902475115e+01 6.969227249104213229e+01
1.768132548754054456e+00 2.920620709031796736e+01 7.344209598848247822e+01
1.783919446510787044e+00 2.807747337820411815e+01 6.519701968249975721e+01
1.799706344267519631e+00 2.714768972277535042e+01 5.657367883235578887e+01
1.815493242024252440e+00 2.629122761130685859e+01 5.098349288593671247e+01
1.831280139780985028e+00 2.553794734383257392e+01 4.870850535422411554e+01
1.847067037537717615e+00 2.475331522348605873e+01 5.149663086946154067e+01
1.862853935294450203e+00 2.391200325112779268e+01 5.618285653151727388e+01
1.878640833051182790e+00 2.297940919999757625e+01 5.988571844391139365e+01
1.894427730807915378e+00 2.202118382280277942e+01 6.124710020548276646e+01
1.910214628564648187e+00 2.104560578231694734e+01 6.463943763863528602e+01
1.926001526321380775e+00 1.998027143669511929e+01 6.321022579849008594e+01
1.941788424078113362e+00 1.904981903859545511e+01 5.418875884236073404e+01
1.957575321834845949e+00 1.826932664587793909e+01 5.016949638654415367e+01
1.973362219591578537e+00 1.746577761867317591e+01 5.249860826210093023e+01
1.989149117348311346e+00 1.661174632386884653e+01 5.524957948285489806e+01
2.004936015105043712e+00 1.572133869387656979e+01 5.324886201402599539e+01
2.020722912861776521e+00 1.493047764331326199e+01 5.678441634461491105e+01
2.036509810618509331e+00 1.392843914386022419e+01 6.147120035003216287e+01
2.052296708375241696e+00 1.298959853349409244e+01 5.737834306416122843e+01
2.068083606131974506e+00 1.211678707305093994e+01 5.300750364944276782e+01
2.083870503888706871e+00 1.131595045258732313e+01 4.564582553086827943e+01
2.099657401645439680e+00 1.067557511169599316e+01 3.838142877324923319e+01
2.115444299402172490e+00 1.010410306898612021e+01 3.526059414647075130e+01
2.131231197158904855e+00 9.562264322432035613e+00 3.253812363817485931e+01
2.147018094915637665e+00 9.076751006842536995e+00 2.973196327221434743e+01
2.162804992672370030e+00 8.623513393861280463e+00 2.565731805220565320e+01
2.178591890429102840e+00 8.266652093238255006e+00 2.419145224271567685e+01
2.194378788185835649e+00 7.859697427576015194e+00 1.966241909973273394e+01
2.210165685942568015e+00 7.645834893283240064e+00 8.816455279782697829e+00
2.225952583699300824e+00 7.581328471418545156e+00 2.346530698587709074e-01
2.241739481456033189e+00 7.638426005238912353e+00 -3.455723948733992579e+00
2.257526379212765999e+00 7.690438792726856931e+00 -4.236257532547400118e+00
2.273313276969498808e+00 7.772180734313940853e+00 -7.651317590881751229e+00
2.289100174726231174e+00 7.932019929749936971e+00 -7.517807608144940090e+00
2.304887072482963983e+00 8.009546454443082553e+00 -4.232543790267787820e+00
2.320673970239696349e+00 8.065657401885639288e+00 -3.228293382746124873e+00
2.336460867996429158e+00 8.111475929567381726e+00 -2.371423907080286497e+00
2.352247765753161524e+00 8.140532255403535089e+00 -2.798375431436045613e+00
2.368034663509894333e+00 8.199831263209448551e+00 -1.986146022608788808e+00
2.383821561266627143e+00 8.203242423781267334e+00 -2.363483083462850354e-01
2.399608459023359508e+00 8.207293676367127588e+00 5.077449672490435439e+00
2.415395356780092317e+00 8.042928066092143169e+00 7.588546753891612262e+00
2.431182254536824683e+00 7.967694452915383252e+00 4.422615199308772560e+00
2.446969152293557492e+00 7.903289318154424592e+00 5.228725334389996426e+00
2.462756050050290302e+00 7.802603748411278239e+00 3.299334823495176483e+00
2.478542947807022667e+00 7.799116795106932898e+00 -2.636214348498759019e+00
2.494329845563755477e+00 7.885839041180441100e+00 -6.873430487319050819e+00
2.510116743320487842e+00 8.016137083789562467e+00 -1.654335850957543708e-01
2.525903641077220652e+00 7.891062407367313902e+00 1.488893067842240470e+01
2.541690538833953461e+00 7.546037031134893880e+00 1.942197828234069590e+01
2.557477436590685826e+00 7.277836836613725602e+00 2.516254898293466269e+01
2.573264334347418636e+00 6.751559854950161643e+00 3.064447077543288245e+01
2.589051232104151001e+00 6.310274582731845605e+00 2.544945085686989472e+01
2.604838129860883811e+00 5.948024097665368437e+00 1.811066509024367832e+01
2.620625027617616620e+00 5.738452146559637868e+00 1.209034697854463225e+01
2.636411925374348986e+00 5.566285954477957709e+00 9.509626892729606595e+00
2.652198823131081795e+00 5.438197131639243231e+00 9.117342199006222003e+00
2.667985720887814161e+00 5.278416856260247592e+00 1.511808904644854401e+01
2.683772618644546970e+00 4.960861679532317936e+00 2.052159579625353203e+01
2.699559516401279780e+00 4.630472186979350369e+00 1.863520298363125605e+01
2.715346414158012145e+00 4.372477591175226941e+00 1.857139995167026214e+01
2.731133311914744954e+00 4.044102602506534971e+00 1.521324710802892888e+01
2.746920209671477320e+00 3.892137637890504820e+00 5.939863258096735876e+00
2.762707107428210129e+00 3.856558574617443114e+00 -6.720352849416017627e+00
2.778494005184942495e+00 4.104324684536299728e+00 -1.661139252831722146e+01
2.794280902941675304e+00 4.381043285500435758e+00 -2.166396841392108996e+01
2.810067800698408114e+00 4.788338393247614455e+00 -2.880121442109577856e+01
2.825854698455140479e+00 5.290406940171580530e+00 -3.089573125947938692e+01
2.841641596211873289e+00 5.763833894273393099e+00 -3.288454819120319428e+01
2.857428493968605654e+00 6.328696940313323971e+00 -4.093313898585006427e+01
2.873215391725338463e+00 7.056248454336875753e+00 -4.075296403354986552e+01
2.889002289482071273e+00 7.615422693276231669e+00 -3.725498543891013981e+01
2.904789187238803638e+00 8.232529746442150298e+00 -4.338806781203591356e+01
2.920576084995536448e+00 8.985348674097817678e+00 -5.034320290961872502e+01
2.936362982752268813e+00 9.822055740603341079e+00 -4.317451409960643360e+01
2.952149880509001623e+00 1.034853195367201373e+01 -3.332704090703563082e+01
2.967936778265734432e+00 1.087431691527097577e+01 -4.044844547293903503e+01
2.983723676022466798e+00 1.162564289987214039e+01 -4.988517645813155355e+01
2.999510573779199607e+00 1.244938127591315258e+01 -6.517634017798145862e+01
3.015297471535931972e+00 1.368350733696777688e+01 -8.532667041759914639e+01
3.031084369292664782e+00 1.514346811952327343e+01 -9.494544114627484532e+01
3.046871267049397591e+00 1.668129528065600908e+01 -1.322818927304985266e+02
3.062658164806129957e+00 1.932010955073018010e+01 -1.941115408740342616e+02
3.078445062562862766e+00 2.281013337901642046e+01 -2.197863660534544579e+02
3.094231960319595132e+00 2.625959932914957307e+01 -2.221646229510374440e+02
3.110018858076327941e+00 2.982471375439858718e+01 -2.405800336103638699e+02
3.125805755833060751e+00 3.385562411498580104e+01 -2.581921432140469506e+02
3.141592653589793116e+00 3.797681968742224257e+01 -2.610516414270737755e+02
