0.000000000000000000e+00 9.568053871957130241e+02 8.445619278252510753e+01
1.578689775673262907e-02 9.554720859153324000e+02 1.689123855650538246e+02
3.157379551346525814e-02 9.514721820741904139e+02 3.378247711301112304e+02
4.736069327019788722e-02 9.448056756722870659e+02 5.067371566951722457e+02
6.314759102693051629e-02 9.354725667096222423e+02 6.756495422602297367e+02
7.893448878366314536e-02 9.234728551861961705e+02 8.445619278252762570e+02
9.472138654039577443e-02 9.088065411020089641e+02 9.290181206078050309e+02
1.105082842971284035e-01 8.941402270178215304e+02 9.290181206078086689e+02
1.262951820538610326e-01 8.794739129336342103e+02 9.290181206078086689e+02
1.420820798105936755e-01 8.648075988494467765e+02 9.290181206078121932e+02
1.578689775673262907e-01 8.501412847652593427e+02 9.290181206078121932e+02
1.736558753240589059e-01 8.354749706810719090e+02 9.290181206078158311e+02
1.894427730807915489e-01 8.208086565968843615e+02 9.290181206078086689e+02
2.052296708375241918e-01 8.061423425126971551e+02 9.290181206078050309e+02
2.210165685942568070e-01 7.914760284285097214e+02 9.290181206078086689e+02
2.368034663509894222e-01 7.768097143443224013e+02 9.290181206078086689e+02
2.525903641077220652e-01 7.621434002601349675e+02 9.290181206078121932e+02
2.683772618644547081e-01 7.474770861759475338e+02 9.290181206078086689e+02
2.841641596211873511e-01 7.328107720917602137e+02 9.290181206078050309e+02
2.999510573779199385e-01 7.181444580075728936e+02 9.290181206078086689e+02
3.157379551346525814e-01 7.034781439233854599e+02 9.290181206078121932e+02
3.315248528913852244e-01 6.888118298391980261e+02 9.290181206078158311e+02
3.473117506481178118e-01 6.741455157550104786e+02 9.290181206078121932e+02
3.630986484048504548e-01 6.594792016708231586e+02 9.290181206078086689e+02
3.788855461615830977e-01 6.448128875866357248e+02 9.290181206078086689e+02
3.946724439183157407e-01 6.301465735024484047e+02 9.290181206078050309e+02
4.104593416750483836e-01 6.154802594182610846e+02 9.290181206078086689e+02
4.262462394317809711e-01 6.008139453340736509e+02 9.290181206078158311e+02
4.420331371885136140e-01 5.861476312498861034e+02 9.290181206078121932e+02
4.578200349452462570e-01 5.714813171656987834e+02 9.290181206078086689e+02
4.736069327019788444e-01 5.568150030815113496e+02 9.290181206078086689e+02
4.893938304587114874e-01 5.421486889973240295e+02 9.290181206078050309e+02
5.051807282154441303e-01 5.274823749131367094e+02 9.290181206078121932e+02
5.209676259721767178e-01 5.128160608289491620e+02 9.290181206078121932e+02
5.367545237289094162e-01 4.981497467447618419e+02 9.290181206078068499e+02
5.525414214856420037e-01 4.834834326605744650e+02 9.290181206078103742e+02
5.683283192423747021e-01 4.688171185763870312e+02 9.290181206078103742e+02
5.841152169991072896e-01 4.541508044921996543e+02 9.290181206078103742e+02
5.999021147558398770e-01 4.394844904080122205e+02 9.290181206078103742e+02
6.156890125125725755e-01 4.248181763238248436e+02 9.290181206078086689e+02
6.314759102693051629e-01 4.101518622396374667e+02 9.290181206078103742e+02
6.472628080260377503e-01 3.954855481554500329e+02 9.290181206078103742e+02
6.630497057827704488e-01 3.808192340712626560e+02 9.290181206078086689e+02
6.788366035395030362e-01 3.661529199870752791e+02 9.290181206078086689e+02
6.946235012962356237e-01 3.514866059028879022e+02 9.290181206078103742e+02
7.104103990529683221e-01 3.368202918187004684e+02 9.290181206078121932e+02
7.261972968097009096e-01 3.221539777345130346e+02 9.290181206078121932e+02
7.419841945664336080e-01 3.074876636503256009e+02 9.290181206078086689e+02
7.577710923231661955e-01 2.928213495661382808e+02 9.290181206078068499e+02
7.735579900798987829e-01 2.781550354819509039e+02 9.290181206078103742e+02
7.893448878366314814e-01 2.634887213977634701e+02 9.290181206078112837e+02
8.051317855933640688e-01 2.488224073135760648e+02 9.290181206078094647e+02
8.209186833500967673e-01 2.341560932293886879e+02 9.290181206078086689e+02
8.367055811068293547e-01 2.194897791452013109e+02 9.290181206078094647e+02
8.524924788635619421e-01 2.048234650610139056e+02 9.290181206078103742e+02
8.682793766202946406e-01 1.901571509768265003e+02 9.380289503219560174e+02
8.840662743770272280e-01 1.752063307978380067e+02 9.380289503219569269e+02
8.998531721337598155e-01 1.605400167136505729e+02 9.022246366056020861e+02
9.156400698904925139e-01 1.467196746144422264e+02 8.304480239001646851e+02
9.314269676472251014e-01 1.343196206224654645e+02 7.739877439116257847e+02
9.472138654039576888e-01 1.222819438582482405e+02 7.355589489553603926e+02
9.630007631606903873e-01 1.110952327800494857e+02 6.912784704835449929e+02
9.787876609174229747e-01 1.004556587883397611e+02 6.176955847322507225e+02
9.945745586741556732e-01 9.159223869814304919e+01 5.341188218448407952e+02
1.010361456430888261e+00 8.359150032751777815e+01 4.668297342179149041e+02
1.026148354187620848e+00 7.685265213034126930e+01 3.671820037118759501e+02
1.041935251944353436e+00 7.199817082609456520e+01 2.689760364818819767e+02
1.057722149701086245e+00 6.836005775643995719e+01 2.248351358265855993e+02
1.073509047457818832e+00 6.489927222326376466e+01 2.272725297325102076e+02
1.089295945214551420e+00 6.118420137683772708e+01 2.420661185995441542e+02
1.105082842971284007e+00 5.725632609386352811e+01 2.177041954717894328e+02
1.120869740728016595e+00 5.431045362658797870e+01 1.718558106041538451e+02
1.136656638484749404e+00 5.183018587204715999e+01 1.266196230851447950e+02
1.152443536241481992e+00 5.031259153930557204e+01 1.096636745956322017e+02
1.168230433998214579e+00 4.836768743510947388e+01 1.046725370935601802e+02
1.184017331754947167e+00 4.700768225723789584e+01 7.878973919471661702e+01
1.199804229511679754e+00 4.587999632121623250e+01 1.013521643663122518e+02
1.215591127268412341e+00 4.380760974468883262e+01 1.315959987897942938e+02
1.231378025025145151e+00 4.172501116503704566e+01 1.066443371360202974e+02
1.247164922781877738e+00 4.044044325128707840e+01 6.130258629376935886e+01
1.262951820538610326e+00 3.978945584095101395e+01 3.129598849969415397e+01
1.278738718295342913e+00 3.945231011000597476e+01 1.374813598545317284e+01
1.294525616052075501e+00 3.935537500665500232e+01 -2.953724020609477918e+00
1.310312513808808310e+00 3.954557038823590887e+01 -1.393178425502961915e+01
1.326099411565540898e+00 3.979525431386102241e+01 -5.841296105761013990e+00
1.341886309322273485e+00 3.973000227701280807e+01 5.704347468759370265e+00
1.357673207079006072e+00 3.961514641334466091e+01 1.026805195633076195e+01
1.373460104835738660e+00 3.940580090422198367e+01 6.397515645750337931e+00
1.389247002592471247e+00 3.941315256255154509e+01 -2.213594634172631803e+00
1.405033900349204057e+00 3.947569248855105428e+01 -2.859307467481173859e+01
1.420820798105936644e+00 4.031594445543529304e+01 -5.602191775724649148e+01
1.436607695862669232e+00 4.124451706409052321e+01 -4.970401447961846486e+01
1.452394593619401819e+00 4.188528884481308268e+01 -3.319273523906933576e+01
1.468181491376134407e+00 4.229253769906149074e+01 -2.296717698736625834e+01
1.483968389132867216e+00 4.261044979453374992e+01 -6.838237521567004151e+00
1.499755286889599804e+00 4.250844681223995281e+01 5.134703452305450000e+00
1.515542184646332391e+00 4.244832771770837354e+01 5.598512945456091572e+00
1.531329082403064978e+00 4.233168050932063409e+01 7.370013342890237240e+00
1.547115980159797566e+00 4.221562842348844669e+01 1.318111245770152351e+01
1.562902877916530375e+00 4.191550275994117669e+01 1.735981255306908011e+01
1.578689775673262963e+00 4.166751325178575627e+01 3.923686839318497022e+01
1.594476673429995550e+00 4.067664590070600639e+01 5.723483811186779491e+01
1.610263571186728138e+00 3.986039217699535442e+01 4.018990628885951111e+01
1.626050468943460725e+00 3.940769801783622484e+01 1.932348726593711064e+01
1.641837366700193535e+00 3.925027634145360622e+01 2.884260085603779089e+01
1.657624264456926122e+00 3.849702763633118963e+01 4.289300761592343747e+01
1.673411162213658709e+00 3.789598129003093163e+01 3.693580366490036937e+01
1.689198059970391297e+00 3.733082412429012464e+01 4.993651455013528562e+01
1.704984957727123884e+00 3.631929599096977768e+01 8.043161246545155052e+01
1.720771855483856472e+00 3.479129283948767437e+01 9.375715643401026966e+01
1.736558753240589281e+00 3.335902670579836382e+01 7.059995367563034563e+01
1.752345650997321869e+00 3.256218433887320174e+01 4.912960086616431710e+01
1.768132548754054456e+00 3.180781873439192609e+01 4.890679500761311971e+01
1.783919446510787044e+00 3.101801119408386143e+01 5.785741919256061294e+01
1.799706344267519631e+00 2.998104041186917712e+01 7.645339778244606066e+01
1.815493242024252440e+00 2.860408724619129117e+01 8.269027847576055024e+01
1.831280139780985028e+00 2.737019446832401570e+01 8.430281853829475835e+01
1.847067037537717615e+00 2.594232729245440439e+01 9.270393412655533893e+01
1.862853935294450203e+00 2.444317940891840379e+01 8.638121577105212623e+01
1.878640833051182790e+00 2.321494444949468416e+01 6.504354209015632193e+01
1.894427730807915378e+00 2.238950791149233766e+01 4.235150692547164653e+01
1.910214628564648187e+00 2.187774663014273457e+01 4.360172464670600334e+01
1.926001526321380775e+00 2.101283597346282406e+01 5.578566760406165770e+01
1.941788424078113362e+00 2.011638136862994841e+01 6.246073467329804885e+01
1.957575321834845949e+00 1.904071350926730233e+01 7.202279063386795599e+01
1.973362219591578537e+00 1.784234850484708090e+01 7.885486231184550832e+01
1.989149117348311346e+00 1.655096621139063373e+01 7.902972106462254942e+01
2.004936015105043712e+00 1.534708025246649044e+01 7.169891043767576377e+01
2.020722912861776521e+00 1.428715947469319936e+01 6.343152731004033740e+01
2.036509810618509331e+00 1.334430618007248981e+01 5.320543680157235400e+01
2.052296708375241696e+00 1.260726189291575494e+01 4.684132307936627626e+01
2.068083606131974506e+00 1.186534782358441831e+01 4.931444635025323464e+01
2.083870503888706871e+00 1.105021764799310624e+01 5.272103288225374484e+01
2.099657401645439680e+00 1.020074471210146072e+01 5.162387079431709225e+01
2.115444299402172490e+00 9.420256107919787070e+00 4.684691748416209833e+01
2.131231197158904855e+00 8.721609719020346319e+00 4.340118935854915350e+01
2.147018094915637665e+00 8.049915830071771694e+00 3.979147565374134388e+01
2.162804992672370030e+00 7.465241803550085820e+00 2.887038792541605403e+01
2.178591890429102840e+00 7.138368105320268775e+00 2.074092323272117611e+01
2.194378788185835649e+00 6.810372134639666619e+00 1.249994579076501999e+01
2.210165685942568015e+00 6.743697372993253225e+00 5.345192606051709205e+00
2.225952583699300824e+00 6.641604116316103479e+00 1.682914574315089284e+00
2.241739481456033189e+00 6.690561372357198167e+00 -9.296593834228005226e-01
2.257526379212765999e+00 6.670956991585469176e+00 -2.361195576891820469e+00
2.273313276969498808e+00 6.765113278669279140e+00 -6.538047233284817850e+00
2.289100174726231174e+00 6.877387957986581313e+00 -5.904194142483720320e+00
2.304887072482963983e+00 6.951531097195859488e+00 -7.042911551853149987e+00
2.320673970239696349e+00 7.099759407144214940e+00 -9.752420528688089618e+00
2.336460867996429158e+00 7.259452028729977968e+00 -8.613304043892078710e+00
2.352247765753161524e+00 7.371714107721366815e+00 -1.067910496111014140e+01
2.368034663509894333e+00 7.596631905038901955e+00 -1.103018199115484954e+01
2.383821561266627143e+00 7.719978818386397101e+00 -1.099060694998069110e+01
2.399608459023359508e+00 7.943647081446462366e+00 -6.768009269792359284e+00
2.415395356780092317e+00 7.933670559104058384e+00 7.902467228357175077e-01
2.431182254536824683e+00 7.918695993014461365e+00 2.983593320366421331e+00
2.446969152293557492e+00 7.839467193711468163e+00 6.443119808427747230e+00
2.462756050050290302e+00 7.715262245714406220e+00 8.882316821423055231e+00
2.478542947807022667e+00 7.559018738706043905e+00 1.290569211503940217e+01
2.494329845563755477e+00 7.307780561914411166e+00 1.428009671118509694e+01
2.510116743320487842e+00 7.108141885234577906e+00 1.691494601247786278e+01
2.525903641077220652e+00 6.773711515395130611e+00 2.157213221523097957e+01
2.541690538833953461e+00 6.427027793881438633e+00 2.191628933763316311e+01
2.557477436590685826e+00 6.081731077434762156e+00 2.533234630836069456e+01
2.573264334347418636e+00 5.627189471664971521e+00 2.538384035153236340e+01
2.589051232104151001e+00 5.280266892829031278e+00 1.758534881789160664e+01
2.604838129860883811e+00 5.071953264055903965e+00 1.047246377871348244e+01
2.620625027617616620e+00 4.949611462957760111e+00 1.166183760534304703e+01
2.636411925374348986e+00 4.703744788193563231e+00 1.863957716726616454e+01
2.652198823131081795e+00 4.361089265021042216e+00 2.014002846841580308e+01
2.667985720887814161e+00 4.067847647696433810e+00 2.517046471354187176e+01
2.683772618644546970e+00 3.566362159176778235e+00 2.519756521005272631e+01
2.699559516401279780e+00 3.272264876317022786e+00 1.564353328539634624e+01
2.715346414158012145e+00 3.072436438115586643e+00 7.782624493479808336e+00
2.731133311914744954e+00 3.026537882001805180e+00 -4.041719693092411525e+00
2.746920209671477320e+00 3.200048869228032000e+00 -1.750718273411480652e+01
2.762707107428210129e+00 3.579306089665615698e+00 -3.009682135318669083e+01
2.778494005184942495e+00 4.150319752238843307e+00 -2.918364497548673953e+01
2.794280902941675304e+00 4.500744528459201810e+00 -1.663949819242216321e+01
2.810067800698408114e+00 4.675691865613055498e+00 -1.113665335710108195e+01
2.825854698455140479e+00 4.852370944260657737e+00 -1.174920126177164903e+01
2.841641596211873289e+00 5.046658743698781535e+00 -2.036979234887144941e+01
2.857428493968605654e+00 5.495522602535674039e+00 -3.384694051625895383e+01
2.873215391725338463e+00 6.115335122315563865e+00 -4.664085257561581699e+01
2.889002289482071273e+00 6.968151344331847241e+00 -6.691380135910377192e+01
2.904789187238803638e+00 8.228057803456540142e+00 -8.160535002976395447e+01
2.920576084995536448e+00 9.544741978976370333e+00 -8.511793524791319498e+01
2.936362982752268813e+00 1.091555408550252793e+01 -6.817853010934757663e+01
2.952149880509001623e+00 1.169739694705754474e+01 -4.247747828691080230e+01
2.967936778265734432e+00 1.225672929886111007e+01 -3.005397114163638861e+01
2.983723676022466798e+00 1.264631488625115807e+01 -3.540098572524932052e+01
2.999510573779199607e+00 1.337447278312523480e+01 -6.319639291807729364e+01
3.015297471535931972e+00 1.464166487343513445e+01 -1.092763690893795001e+02
3.031084369292664782e+00 1.682474251520725872e+01 -1.727658930267546964e+02
3.046871267049397591e+00 2.009653985156310085e+01 -2.031979671531486531e+02
3.062658164806129957e+00 2.324047357885260467e+01 -1.887168788397379160e+02
3.078445062562862766e+00 2.605504799398838500e+01 -2.127470675906874646e+02
3.094231960319595132e+00 2.995770598705034260e+01 -2.712467849871471230e+02
3.110018858076327941e+00 3.461933851685744656e+01 -3.226177257962548879e+02
3.125805755833060751e+00 4.014397209036049929e+01 -3.676693116492637614e+02
3.141592653589793116e+00 4.622805417944783102e+01 -3.853880719847353475e+02
