0.000000000000000000e+00 3.394076634403843400e+02 2.521395115630149419e+01
1.578689775673262907e-02 3.390096133714365578e+02 5.042790231260298839e+01
3.157379551346525814e-02 3.378154631645932113e+02 1.008558046252059768e+02
4.736069327019788722e-02 3.358252128198543005e+02 1.512837069378089723e+02
6.314759102693051629e-02 3.330388623372198253e+02 2.017116092504119536e+02
7.893448878366314536e-02 3.294564117166897859e+02 2.521395115630149633e+02
9.472138654039577443e-02 3.250778609582641820e+02 2.773534627193164397e+02
1.105082842971284035e-01 3.206993101998385782e+02 2.773534627193164397e+02
1.262951820538610326e-01 3.163207594414129744e+02 2.773534627193182587e+02
1.420820798105936755e-01 3.119422086829873138e+02 2.773534627193182587e+02
1.578689775673262907e-01 3.075636579245617099e+02 2.773534627193182587e+02
1.736558753240589059e-01 3.031851071661360493e+02 2.773534627193182587e+02
1.894427730807915489e-01 2.988065564077104455e+02 2.773534627193182587e+02
2.052296708375241918e-01 2.944280056492847848e+02 2.773534627193182587e+02
2.210165685942568070e-01 2.900494548908591810e+02 2.773534627193164397e+02
2.368034663509894222e-01 2.856709041324335772e+02 2.773534627193164397e+02
2.525903641077220652e-01 2.812923533740079733e+02 2.773534627193164397e+02
2.683772618644547081e-01 2.769138026155823695e+02 2.773534627193164397e+02
2.841641596211873511e-01 2.725352518571567657e+02 2.773534627193164397e+02
2.999510573779199385e-01 2.681567010987311619e+02 2.773534627193164397e+02
3.157379551346525814e-01 2.637781503403055581e+02 2.773534627193164397e+02
3.315248528913852244e-01 2.593995995818799543e+02 2.773534627193182587e+02
3.473117506481178118e-01 2.550210488234542936e+02 2.773534627193182587e+02
3.630986484048504548e-01 2.506424980650286898e+02 2.773534627193164397e+02
3.788855461615830977e-01 2.462639473066030860e+02 2.773534627193164397e+02
3.946724439183157407e-01 2.418853965481774821e+02 2.773534627193164397e+02
4.104593416750483836e-01 2.375068457897518783e+02 2.773534627193164397e+02
4.262462394317809711e-01 2.331282950313262745e+02 2.773534627193164397e+02
4.420331371885136140e-01 2.287497442729006707e+02 2.773534627193164397e+02
4.578200349452462570e-01 2.243711935144750669e+02 2.773534627193164397e+02
4.736069327019788444e-01 2.199926427560494631e+02 2.773534627193164397e+02
4.893938304587114874e-01 2.156140919976238592e+02 2.773534627193173492e+02
5.051807282154441303e-01 2.112355412391982270e+02 2.773534627193173492e+02
5.209676259721767178e-01 2.068569904807726232e+02 2.773534627193164397e+02
5.367545237289094162e-01 2.024784397223470194e+02 2.773534627193164397e+02
5.525414214856420037e-01 1.980998889639214156e+02 2.773534627193164397e+02
5.683283192423747021e-01 1.937213382054958117e+02 2.773534627193164397e+02
5.841152169991072896e-01 1.893427874470702079e+02 2.773534627193173492e+02
5.999021147558398770e-01 1.849642366886445757e+02 2.773534627193173492e+02
6.156890125125725755e-01 1.805856859302189719e+02 2.773534627193182587e+02
6.314759102693051629e-01 1.762071351717933112e+02 2.773534627193191682e+02
6.472628080260377503e-01 1.718285844133676790e+02 2.773534627193182587e+02
6.630497057827704488e-01 1.674500336549420467e+02 2.773534627193182587e+02
6.788366035395030362e-01 1.630714828965164145e+02 2.773534627193173492e+02
6.946235012962356237e-01 1.586929321380908107e+02 2.773534627193164397e+02
7.104103990529683221e-01 1.543143813796652069e+02 2.773534627193155302e+02
7.261972968097009096e-01 1.499358306212396315e+02 2.773534627193164397e+02
7.419841945664336080e-01 1.455572798628139992e+02 2.773534627193182587e+02
7.577710923231661955e-01 1.411787291043883670e+02 2.773534627193173492e+02
7.735579900798987829e-01 1.368001783459627632e+02 2.773534627193173492e+02
7.893448878366314814e-01 1.324216275875371309e+02 2.773534627193173492e+02
8.051317855933640688e-01 1.280430768291115271e+02 2.704072036631762330e+02
8.209186833500967673e-01 1.238838458337080510e+02 2.704072036631762330e+02
8.367055811068293547e-01 1.195052950752824472e+02 2.690887392176006756e+02
8.524924788635619421e-01 1.153876930066753488e+02 2.796703444022158465e+02
8.682793766202946406e-01 1.106750408099464806e+02 2.908932290717230558e+02
8.840662743770272280e-01 1.062030896757131586e+02 3.231226782575894845e+02
8.998531721337598155e-01 1.004728314408781245e+02 3.048883222713355394e+02
9.156400698904925139e-01 9.657660813387451526e+01 2.479535300580332091e+02
9.314269676472251014e-01 9.264399738598392275e+01 2.387389323040809472e+02
9.472138654039576888e-01 8.903871390420243870e+01 2.486023062306187512e+02
9.630007631606903873e-01 8.479467900488249654e+01 2.715480367057153899e+02
9.787876609174229747e-01 8.046491172117322321e+01 2.662907714322557240e+02
9.945745586741556732e-01 7.638686864055753745e+01 2.538915333361252351e+02
1.010361456430888261e+00 7.244859236501825706e+01 2.680531829574201197e+02
1.026148354187620848e+00 6.792341225512646474e+01 2.626174219023378669e+02
1.041935251944353436e+00 6.415676358760040898e+01 2.354627610896107228e+02
1.057722149701086245e+00 6.048895918544717176e+01 1.926810477086605431e+02
1.073509047457818832e+00 5.807309158792691761e+01 2.084942724092901472e+02
1.089295945214551420e+00 5.390600366266752275e+01 2.524667403492491360e+02
1.105082842971284007e+00 5.010175835418859691e+01 2.385590023373257509e+02
1.120869740728016595e+00 4.637379050497251853e+01 2.045268046326746969e+02
1.136656638484749404e+00 4.364407084769406708e+01 1.615980289976216682e+02
1.152443536241481992e+00 4.127152738202258320e+01 1.590142531393789511e+02
1.168230433998214579e+00 3.862338733534491553e+01 1.505870338651753002e+02
1.184017331754947167e+00 3.651692316778427028e+01 1.154897461910929337e+02
1.199804229511679754e+00 3.497693770520534429e+01 8.773913654122898720e+01
1.215591127268412341e+00 3.374666561210349869e+01 8.423364367470064451e+01
1.231378025025145151e+00 3.231736186446624970e+01 7.720218582589082246e+01
1.247164922781877738e+00 3.130909958364427581e+01 4.832937247853739393e+01
1.262951820538610326e+00 3.079142014053481446e+01 3.016484027319271277e+01
1.278738718295342913e+00 3.035668108516214758e+01 2.090486234705260671e+01
1.294525616052075501e+00 3.013137429155183611e+01 8.801180112182612092e+00
1.310312513808808310e+00 3.007879442402291659e+01 3.486080095602211326e+00
1.326099411565540898e+00 3.002130551146973048e+01 -8.873886647803864491e+00
1.341886309322273485e+00 3.035897670645034552e+01 -1.570976187348292719e+01
1.357673207079006072e+00 3.051732232042831328e+01 -2.147891650755488868e+01
1.373460104835738660e+00 3.103714762411067696e+01 -2.897507823530178328e+01
1.389247002592471247e+00 3.143217551561638956e+01 -2.529839182792413865e+01
1.405033900349204057e+00 3.183591387450507426e+01 -2.799351012699729679e+01
1.420820798105936644e+00 3.231603688007032105e+01 -3.639997158551181400e+01
1.436607695862669232e+00 3.298519913404197013e+01 -3.699422046216739091e+01
1.452394593619401819e+00 3.348408483212284636e+01 -2.639019444842259787e+01
1.468181491376134407e+00 3.381843773711705126e+01 -1.809780235767696510e+01
1.483968389132867216e+00 3.405550114300724829e+01 -1.935215316634452165e+01
1.499755286889599804e+00 3.442945866393647236e+01 -1.956328450812324959e+01
1.515542184646332391e+00 3.467318828763847449e+01 -1.626151571839307763e+01
1.531329082403064978e+00 3.494289643596801653e+01 -3.723454279517185217e+00
1.547115980159797566e+00 3.479075187166368721e+01 9.373607070410646003e+00
1.562902877916530375e+00 3.464693608310329864e+01 2.873995124975576854e-01
1.578689775673262963e+00 3.478167757822541972e+01 -5.125091990968446254e+00
1.594476673429995550e+00 3.480875468961383490e+01 1.518784870107323215e+01
1.610263571186728138e+00 3.430213954904828455e+01 2.645686686502559937e+01
1.626050468943460725e+00 3.397341098529054193e+01 1.978326115772273752e+01
1.641837366700193535e+00 3.367750690666486690e+01 3.414993022414174106e+01
1.657624264456926122e+00 3.289516807159438372e+01 4.668754159513920854e+01
1.673411162213658709e+00 3.220340401531353791e+01 4.659831588857300488e+01
1.689198059970391297e+00 3.142388237445672061e+01 5.070600871359902584e+01
1.704984957727123884e+00 3.060242286488637475e+01 4.658246886943594944e+01
1.720771855483856472e+00 2.995309702786078887e+01 4.009667973692057075e+01
1.736558753240589281e+00 2.933641849810393865e+01 4.122066224423268466e+01
1.752345650997321869e+00 2.865160426723176812e+01 4.654560230777752139e+01
1.768132548754054456e+00 2.786679716878709456e+01 5.000076592051500057e+01
1.783919446510787044e+00 2.707289030854078504e+01 5.396993084267501928e+01
1.799706344267519631e+00 2.616276160848461174e+01 6.451689638493327550e+01
1.815493242024252440e+00 2.503584701491947584e+01 6.035813350544584921e+01
1.831280139780985028e+00 2.425702624360922854e+01 5.427096832424458484e+01
1.847067037537717615e+00 2.332230655873202707e+01 5.992887246433167547e+01
1.862853935294450203e+00 2.236484427906788142e+01 5.904298708987871436e+01
1.878640833051182790e+00 2.145809535785202726e+01 5.514420833011747902e+01
1.894427730807915378e+00 2.062373232150082458e+01 5.187247928158878807e+01
1.910214628564648187e+00 1.982028430423867960e+01 5.483561998456914210e+01
1.926001526321380775e+00 1.889236366925394961e+01 5.573183281948521284e+01
1.941788424078113362e+00 1.806061881120562163e+01 5.004956530638362722e+01
1.957575321834845949e+00 1.731210892873236773e+01 4.552862229289465290e+01
1.973362219591578537e+00 1.662310740091997019e+01 4.536025527250406952e+01
1.989149117348311346e+00 1.587991350431973991e+01 4.838374002784200911e+01
2.004936015105043712e+00 1.509544908710422284e+01 4.521421407005178139e+01
2.020722912861776521e+00 1.445232915496988113e+01 4.330582228930103383e+01
2.036509810618509331e+00 1.372811990959936601e+01 4.507933709909200815e+01
2.052296708375241696e+00 1.302900338352058185e+01 4.517586655444362265e+01
2.068083606131974506e+00 1.230174633686576868e+01 4.682537190686660011e+01
2.083870503888706871e+00 1.155054866609121511e+01 4.302257935814919421e+01
2.099657401645439680e+00 1.094336021374973456e+01 3.835173037710967492e+01
2.115444299402172490e+00 1.033963897357680040e+01 3.674204841674413302e+01
2.131231197158904855e+00 9.783274290293615394e+00 3.550891939690822596e+01
2.147018094915637665e+00 9.218487613634700040e+00 2.797383570376019080e+01
2.162804992672370030e+00 8.900034122055817676e+00 1.576958250436700837e+01
2.178591890429102840e+00 8.720582040309096783e+00 1.375782198110838372e+01
2.194378788185835649e+00 8.465647464113644105e+00 1.018164774382938198e+01
2.210165685942568015e+00 8.399108776455292968e+00 1.185962335615071250e+00
2.225952583699300824e+00 8.428202131842262190e+00 -3.449574261684387633e+00
2.241739481456033189e+00 8.508024928802228715e+00 -3.533367904068781318e+00
2.257526379212765999e+00 8.539763967519171217e+00 -2.411625629924363523e-01
2.273313276969498808e+00 8.515639346251655084e+00 -3.484599453952816339e-01
2.289100174726231174e+00 8.550766170579715109e+00 -7.888991860155202263e-01
2.304887072482963983e+00 8.540547887831648310e+00 -3.778438848115468485e-01
2.320673970239696349e+00 8.562696136134768210e+00 -2.571271148433931231e+00
2.336460867996429158e+00 8.621732677281974233e+00 -4.326429136890984850e+00
2.352247765753161524e+00 8.699297925006462151e+00 -4.936620516728300601e+00
2.368034663509894333e+00 8.777600524004730786e+00 -3.203929352725483071e+00
2.383821561266627143e+00 8.800458135229005663e+00 -3.116519883955722658e+00
2.399608459023359508e+00 8.876000885534397256e+00 1.670215769165070419e-01
2.415395356780092317e+00 8.795184630113107360e+00 7.780435096052211286e+00
2.431182254536824683e+00 8.630343018805856303e+00 9.822833456091959903e+00
2.446969152293557492e+00 8.485040495207634592e+00 9.632408895973217255e+00
2.462756050050290302e+00 8.326211310022314294e+00 8.628314723447925161e+00
2.478542947807022667e+00 8.212611850503668265e+00 6.642560430537820082e+00
2.494329845563755477e+00 8.116480465302677416e+00 5.702582855564087616e+00
2.510116743320487842e+00 8.032559665523494985e+00 9.194960355131426510e+00
2.525903641077220652e+00 7.826160667295337880e+00 1.286554511430795955e+01
2.541690538833953461e+00 7.626345574915073477e+00 1.171061058452108128e+01
2.557477436590685826e+00 7.456412243361847381e+00 1.644317388757006526e+01
2.573264334347418636e+00 7.107172164996584662e+00 2.159370457319048953e+01
2.589051232104151001e+00 6.774617030789751304e+00 1.800015735472775091e+01
2.604838129860883811e+00 6.538838877468212907e+00 1.521548597738957653e+01
2.620625027617616620e+00 6.294206387901654765e+00 1.700947387764206198e+01
2.636411925374348986e+00 6.001785227463913408e+00 1.723399286899383753e+01
2.652198823131081795e+00 5.750063821175524836e+00 1.260198078121743848e+01
2.667985720887814161e+00 5.603892863213134845e+00 1.415858167033159987e+01
2.683772618644546970e+00 5.303023658755777525e+00 1.259308586100629235e+01
2.699559516401279780e+00 5.206281345354211609e+00 4.520378512413495642e+00
2.715346414158012145e+00 5.160298151961371538e+00 4.350869517715161727e+00
2.731133311914744954e+00 5.068907880896103890e+00 5.224559970652912888e+00
2.746920209671477320e+00 4.995338963800140419e+00 1.379984874400927986e+00
2.762707107428210129e+00 5.025336520660093953e+00 -3.485534114385877125e+00
2.778494005184942495e+00 5.105390505182967331e+00 -5.349881482744845762e+00
2.794280902941675304e+00 5.194252584617554014e+00 -9.150060640803562961e+00
2.810067800698408114e+00 5.394292648791505940e+00 -2.163886208637953956e+01
2.825854698455140479e+00 5.877473591276977771e+00 -3.349265292067557453e+01
2.841641596211873289e+00 6.451782823312381510e+00 -4.321077077556034141e+01
2.857428493968605654e+00 7.241801631723740584e+00 -4.876916155994617696e+01
2.873215391725338463e+00 7.991610357769272532e+00 -4.569800302539081827e+01
2.889002289482071273e+00 8.684661034621147024e+00 -4.051936533475262081e+01
2.904789187238803638e+00 9.270960513184144602e+00 -2.780764292608617794e+01
2.920576084995536448e+00 9.562653866080850662e+00 -1.435936225895708063e+01
2.936362982752268813e+00 9.724340080852226009e+00 -9.310179510535565583e+00
2.952149880509001623e+00 9.856611570140154654e+00 -1.873661919047622959e+01
2.967936778265734432e+00 1.031592626378599142e+01 -3.797701094314488302e+01
2.983723676022466798e+00 1.105568994787164350e+01 -6.051993527035664044e+01
2.999510573779199607e+00 1.222677032450038581e+01 -1.005267334561917494e+02
3.015297471535931972e+00 1.422970047365406820e+01 -1.497267849693578796e+02
3.031084369292664782e+00 1.695421321601147469e+01 -1.939560518253103396e+02
3.046871267049397591e+00 2.035362919258548686e+01 -2.178726875338417699e+02
3.062658164806129957e+00 2.383328090017410616e+01 -2.269402079238283534e+02
3.078445062562862766e+00 2.751899291135573122e+01 -2.681257940228047687e+02
3.094231960319595132e+00 3.229902989253564982e+01 -3.346859604186589081e+02
3.110018858076327941e+00 3.808629898684219484e+01 -3.997971699841982627e+02
3.125805755833060751e+00 4.492214398447883639e+01 -4.467981501631361425e+02
3.141592653589793116e+00 5.219341241588760028e+01 -4.605888087358892449e+02
