0.000000000000000000e+00 2.739767940014237979e+02 1.440331488765763801e+01
1.578689775673262907e-02 2.737494103419343219e+02 2.880662977531527602e+01
3.157379551346525814e-02 2.730672593634658938e+02 5.761325955063055204e+01
4.736069327019788722e-02 2.719303410660185136e+02 8.641988932594762218e+01
6.314759102693051629e-02 2.703386554495921246e+02 1.152265191012628947e+02
7.893448878366314536e-02 2.682922025141868403e+02 1.440331488765763766e+02
9.472138654039577443e-02 2.657909822598026039e+02 1.584364637642358105e+02
1.105082842971284035e-01 2.632897620054183108e+02 1.584364637642358105e+02
1.262951820538610326e-01 2.607885417510340744e+02 1.584364637642340199e+02
1.420820798105936755e-01 2.582873214966498381e+02 1.584364637642349010e+02
1.578689775673262907e-01 2.557861012422655733e+02 1.584364637642358105e+02
1.736558753240589059e-01 2.532848809878813086e+02 1.584364637642358105e+02
1.894427730807915489e-01 2.507836607334970438e+02 1.584364637642376010e+02
2.052296708375241918e-01 2.482824404791127222e+02 1.584364637642376010e+02
2.210165685942568070e-01 2.457812202247284574e+02 1.584364637642358105e+02
2.368034663509894222e-01 2.432799999703441927e+02 1.584364637642349010e+02
2.525903641077220652e-01 2.407787797159599563e+02 1.584364637642340199e+02
2.683772618644547081e-01 2.382775594615757200e+02 1.584364637642349010e+02
2.841641596211873511e-01 2.357763392071914552e+02 1.584364637642349010e+02
2.999510573779199385e-01 2.332751189528072189e+02 1.584364637642349010e+02
3.157379551346525814e-01 2.307738986984229541e+02 1.584364637642367200e+02
3.315248528913852244e-01 2.282726784440386609e+02 1.584364637642376010e+02
3.473117506481178118e-01 2.257714581896543677e+02 1.584364637642358105e+02
3.630986484048504548e-01 2.232702379352701314e+02 1.584364637642358105e+02
3.788855461615830977e-01 2.207690176808858382e+02 1.584364637642367200e+02
3.946724439183157407e-01 2.182677974265015735e+02 1.584364637642358105e+02
4.104593416750483836e-01 2.157665771721173087e+02 1.584364637642349010e+02
4.262462394317809711e-01 2.132653569177330724e+02 1.584364637642349010e+02
4.420331371885136140e-01 2.107641366633488076e+02 1.584364637642358105e+02
4.578200349452462570e-01 2.082629164089645428e+02 1.584364637642358105e+02
4.736069327019788444e-01 2.057616961545802781e+02 1.584364637642358105e+02
4.893938304587114874e-01 2.032604759001960133e+02 1.584364637642349010e+02
5.051807282154441303e-01 2.007592556458117770e+02 1.584364637642349010e+02
5.209676259721767178e-01 1.982580353914275122e+02 1.584364637642376010e+02
5.367545237289094162e-01 1.957568151370431906e+02 1.584364637642376010e+02
5.525414214856420037e-01 1.932555948826589258e+02 1.584364637642358105e+02
5.683283192423747021e-01 1.907543746282746611e+02 1.584364637642349010e+02
5.841152169991072896e-01 1.882531543738904247e+02 1.584364637642349010e+02
5.999021147558398770e-01 1.857519341195061600e+02 1.584364637642358105e+02
6.156890125125725755e-01 1.832507138651218952e+02 1.584364637642358105e+02
6.314759102693051629e-01 1.807494936107376304e+02 1.584364637642358105e+02
6.472628080260377503e-01 1.782482733563533657e+02 1.584364637642349010e+02
6.630497057827704488e-01 1.757470531019691293e+02 1.584364637642340199e+02
6.788366035395030362e-01 1.732458328475848930e+02 1.584364637642376010e+02
6.946235012962356237e-01 1.707446125932005430e+02 1.584364637642376010e+02
7.104103990529683221e-01 1.682433923388163066e+02 1.584364637642358105e+02
7.261972968097009096e-01 1.657421720844320134e+02 1.584364637642358105e+02
7.419841945664336080e-01 1.632409518300477771e+02 1.584364637642349010e+02
7.577710923231661955e-01 1.607397315756635123e+02 1.584364637642349010e+02
7.735579900798987829e-01 1.582385113212792760e+02 1.584364637642349010e+02
7.893448878366314814e-01 1.557372910668950112e+02 1.584364637642358105e+02
8.051317855933640688e-01 1.532360708125107465e+02 1.584364637642358105e+02
8.209186833500967673e-01 1.507348505581264817e+02 1.584364637642358105e+02
8.367055811068293547e-01 1.482336303037422169e+02 1.584364637642349010e+02
8.524924788635619421e-01 1.457324100493579806e+02 1.584364637642367200e+02
8.682793766202946406e-01 1.432311897949736590e+02 1.584364637642376010e+02
8.840662743770272280e-01 1.407299695405893942e+02 1.584364637642349010e+02
8.998531721337598155e-01 1.382287492862051579e+02 1.584364637642358105e+02
9.156400698904925139e-01 1.357275290318208647e+02 1.584364637642358105e+02
9.314269676472251014e-01 1.332263087774366284e+02 1.584364637642358105e+02
9.472138654039576888e-01 1.307250885230523352e+02 1.584364637642367200e+02
9.630007631606903873e-01 1.282238682686680704e+02 1.584364637642349010e+02
9.787876609174229747e-01 1.257226480142838341e+02 1.584364637642353557e+02
9.945745586741556732e-01 1.232214277598995551e+02 1.584364637642367200e+02
1.010361456430888261e+00 1.207202075055152761e+02 1.584364637642358105e+02
1.026148354187620848e+00 1.182189872511310256e+02 1.584364637642358105e+02
1.041935251944353436e+00 1.157177669967467466e+02 1.584364637642358105e+02
1.057722149701086245e+00 1.132165467423624960e+02 1.584364637642349010e+02
1.073509047457818832e+00 1.107153264879782455e+02 1.584364637642353557e+02
1.089295945214551420e+00 1.082141062335939807e+02 1.559722391477437782e+02
1.105082842971284007e+00 1.057906909033500824e+02 1.559722391477437782e+02
1.120869740728016595e+00 1.032894706489658176e+02 1.559722391477442329e+02
1.136656638484749404e+00 1.008660553187219051e+02 1.429918838424961223e+02
1.152443536241481992e+00 9.877467414843766846e+01 1.261887263203864507e+02
1.168230433998214579e+00 9.688179827777739206e+01 1.200783199996237443e+02
1.184017331754947167e+00 9.498334582716910290e+01 1.090394644458765327e+02
1.199804229511679754e+00 9.343900852446552108e+01 9.341826401154688142e+01
1.215591127268412341e+00 9.203377666204561081e+01 8.413105275013892026e+01
1.231378025025145151e+00 9.078267186860007598e+01 8.330527445360431216e+01
1.247164922781877738e+00 8.940351296125440683e+01 1.073237142329728471e+02
1.262951820538610326e+00 8.739405486166261028e+01 1.474955018316867381e+02
1.278738718295342913e+00 8.474652014726478910e+01 1.452587163781667243e+02
1.294525616052075501e+00 8.280768585418992700e+01 1.380934816916622196e+02
1.310312513808808310e+00 8.038638479458978736e+01 1.501810479872967505e+02
1.326099411565540898e+00 7.806590015504110625e+01 1.354560470655634674e+02
1.341886309322273485e+00 7.610952326347936037e+01 1.031350757948570163e+02
1.357673207079006072e+00 7.480953436162855041e+01 3.279708836897675894e+01
1.373460104835738660e+00 7.507399470188023827e+01 -1.159057905236035246e+01
1.389247002592471247e+00 7.517549293451043013e+01 2.534081295727748184e+01
1.405033900349204057e+00 7.427388905542218822e+01 5.392538967851134402e+01
1.420820798105936644e+00 7.347286370781718290e+01 7.645458441768478508e+01
1.436607695862669232e+00 7.185992764095124130e+01 8.982294882186918983e+01
1.452394593619401819e+00 7.063681228929903000e+01 8.545561061425924265e+01
1.468181491376134407e+00 6.916176966593830855e+01 7.045349213162181456e+01
1.483968389132867216e+00 6.841232813552566938e+01 6.669889083251639761e+01
1.499755286889599804e+00 6.705583252581749321e+01 8.579250262851500963e+01
1.515542184646332391e+00 6.570353320094450567e+01 9.929644594110214939e+01
1.531329082403064978e+00 6.392066684645927666e+01 1.659998844840003187e+02
1.547115980159797566e+00 6.046228679298782538e+01 2.141393736115326192e+02
1.562902877916530375e+00 5.715947405266720693e+01 1.856433872471989730e+02
1.578689775673262963e+00 5.460082044561772108e+01 1.677271457658815450e+02
1.594476673429995550e+00 5.186369145019808258e+01 1.176951530181239605e+02
1.610263571186728138e+00 5.088473775129747168e+01 6.403360203265680184e+01
1.626050468943460725e+00 4.984190759362836332e+01 6.821708035375210954e+01
1.641837366700193535e+00 4.873086560568247450e+01 7.798527981053516100e+01
1.657624264456926122e+00 4.737961631583015532e+01 6.959417914949089834e+01
1.673411162213658709e+00 4.653351322428898129e+01 7.179380979196606916e+01
1.689198059970391297e+00 4.511281324632599876e+01 9.393553851534895216e+01
1.704984957727123884e+00 4.356761173975811374e+01 1.004298853661657773e+02
1.720771855483856472e+00 4.194186058233392345e+01 1.131220068720884484e+02
1.736558753240589281e+00 3.999592062670598125e+01 1.143861237874404253e+02
1.752345650997321869e+00 3.833025650029135534e+01 1.061447706563239990e+02
1.768132548754054456e+00 3.664452734317953997e+01 1.113127195223944881e+02
1.783919446510787044e+00 3.481569145604355953e+01 9.902811640014573413e+01
1.799706344267519631e+00 3.351783384587770342e+01 8.733102588852368342e+01
1.815493242024252440e+00 3.205831950265817198e+01 8.693374588369870537e+01
1.831280139780985028e+00 3.077300553012624817e+01 8.702128952016798280e+01
1.847067037537717615e+00 2.931072710203033083e+01 9.104932094040803747e+01
1.862853935294450203e+00 2.789823288911393462e+01 9.288821074519407262e+01
1.878640833051182790e+00 2.637789373034990703e+01 9.938747805064647878e+01
1.894427730807915378e+00 2.476019298054380613e+01 9.374709657253060868e+01
1.910214628564648187e+00 2.341794207318774568e+01 8.948857028214877118e+01
1.926001526321380775e+00 2.193469916166287703e+01 8.467285687824106333e+01
1.941788424078113362e+00 2.074449860457325201e+01 7.459789967817684442e+01
1.957575321834845949e+00 1.957936033149012545e+01 7.594296635096743842e+01
1.973362219591578537e+00 1.834669091432183308e+01 7.592914627268258698e+01
1.989149117348311346e+00 1.718198899356445253e+01 7.892938902935370038e+01
2.004936015105043712e+00 1.585459052510627131e+01 8.076497472764971519e+01
2.020722912861776521e+00 1.463193219686345081e+01 7.933358452292442564e+01
2.036509810618509331e+00 1.334972815002924307e+01 7.595711005835974561e+01
2.052296708375241696e+00 1.223367793608702492e+01 6.870244141843220120e+01
2.068083606131974506e+00 1.118053131340783857e+01 6.361640500234040729e+01
2.083870503888706871e+00 1.022506657324134061e+01 5.767383425006244835e+01
2.099657401645439680e+00 9.359549464318877909e+00 4.845652463857456382e+01
2.115444299402172490e+00 8.695110173009796384e+00 3.954461523414602908e+01
2.131231197158904855e+00 8.110975869257288196e+00 3.630318738784180255e+01
2.147018094915637665e+00 7.548880757939068431e+00 3.669254694098298586e+01
2.162804992672370030e+00 6.952452895274466194e+00 3.021978972235087113e+01
2.178591890429102840e+00 6.594727296785642956e+00 2.446116182187949661e+01
2.194378788185835649e+00 6.180121173888659669e+00 1.858481664551691992e+01
2.210165685942568015e+00 6.007934096364846432e+00 8.208946884156853585e+00
2.225952583699300824e+00 5.920933563587393422e+00 9.769792021251579861e-01
2.241739481456033189e+00 5.977087154816038250e+00 -5.111329640587447543e+00
2.257526379212765999e+00 6.082317640461215369e+00 -1.102828976831563068e+01
2.273313276969498808e+00 6.325292120824077102e+00 -1.481042216987665050e+01
2.289100174726231174e+00 6.549938881520993128e+00 -1.166014319726033399e+01
2.304887072482963983e+00 6.693447097792097900e+00 -1.061051441188345379e+01
2.320673970239696349e+00 6.884953093854477402e+00 -1.271453853617246033e+01
2.336460867996429158e+00 7.094893337581281045e+00 -1.058752724039602633e+01
2.352247765753161524e+00 7.219241513935984678e+00 -9.858895819764853741e+00
2.368034663509894333e+00 7.406176098183093970e+00 -1.225448996900755816e+01
2.383821561266627143e+00 7.606162274339240525e+00 -1.843003104095431510e+01
2.399608459023359508e+00 7.988082129577002810e+00 -1.616430310224667721e+01
2.415395356780092317e+00 8.116530675107249237e+00 -3.543150828840136768e+00
2.431182254536824683e+00 8.099952849320166237e+00 3.177766218700812217e+00
2.446969152293557492e+00 8.016196534328392076e+00 7.330801915434937754e+00
2.462756050050290302e+00 7.868491608692504080e+00 1.107051829922283481e+01
2.478542947807022667e+00 7.666658253320655092e+00 1.439106621563945332e+01
2.494329845563755477e+00 7.414111026779165670e+00 1.217060831791220288e+01
2.510116743320487842e+00 7.282385955016415835e+00 1.000692427889752523e+01
2.525903641077220652e+00 7.098154445878524399e+00 1.256623013182142046e+01
2.541690538833953461e+00 6.885622374459140715e+00 1.537409630443782227e+01
2.557477436590685826e+00 6.612735872957882677e+00 2.844759104829577723e+01
2.573264334347418636e+00 5.987423951849565107e+00 3.641752277156687256e+01
2.589051232104151001e+00 5.462896455861465661e+00 3.291843137890811022e+01
2.604838129860883811e+00 4.948064130867882326e+00 3.199633729545564620e+01
2.620625027617616620e+00 4.452650644914887046e+00 3.009445373975234617e+01
2.636411925374348986e+00 3.997868002399501908e+00 2.248169875685638530e+01
2.652198823131081795e+00 3.742818085570577491e+00 1.388199862381737759e+01
2.667985720887814161e+00 3.559560616532885913e+00 1.258082049031105143e+01
2.683772618644546970e+00 3.345593832017882630e+00 1.319539302285524407e+01
2.699559516401279780e+00 3.142931975509448250e+00 1.512826902790176575e+01
2.715346414158012145e+00 2.867936959258222451e+00 1.608921532835942614e+01
2.731133311914744954e+00 2.634934380759716976e+00 1.210859925936611781e+01
2.746920209671477320e+00 2.485622522288499781e+00 8.159760750137841967e+00
2.762707107428210129e+00 2.377299763396064858e+00 -7.215028463840835293e+00
2.778494005184942495e+00 2.713428355629641686e+00 -2.221991432138779743e+01
2.794280902941675304e+00 3.078866794506281312e+00 -3.243647298180042071e+01
2.810067800698408114e+00 3.737570920735048929e+00 -4.441262107722226915e+01
2.825854698455140479e+00 4.481141810615514309e+00 -5.108783594508618364e+01
2.841641596211873289e+00 5.350607806090660112e+00 -5.470077670753651233e+01
2.857428493968605654e+00 6.208252948806995519e+00 -5.504825079142729294e+01
2.873215391725338463e+00 7.088690019953137522e+00 -5.048808274690961895e+01
2.889002289482071273e+00 7.802353349324833154e+00 -4.342044481579149817e+01
2.904789187238803638e+00 8.459638265670641033e+00 -3.760571451875318161e+01
2.920576084995536448e+00 8.989708489677697756e+00 -5.792918207944819642e+01
2.936362982752268813e+00 1.028868241490943447e+01 -7.980684687967981006e+01
2.952149880509001623e+00 1.150951355363114104e+01 -9.466671563217036578e+01
2.967936778265734432e+00 1.327766993621094649e+01 -1.289102192065639940e+02
2.983723676022466798e+00 1.557969845445517443e+01 -1.706031244014490937e+02
2.999510573779199607e+00 1.866425810002057517e+01 -2.033882246897414063e+02
3.015297471535931972e+00 2.200143667065579578e+01 -1.995990047978597204e+02
3.031084369292664782e+00 2.496635626219936910e+01 -1.322859184187126687e+02
3.046871267049397591e+00 2.617820520811917717e+01 -6.453441620066283235e+01
3.062658164806129957e+00 2.700395272289995674e+01 -7.386396737705359783e+01
3.078445062562862766e+00 2.851037100989553608e+01 -1.573619990813871823e+02
3.094231960319595132e+00 3.197246830348578328e+01 -2.072401197517566231e+02
3.110018858076327941e+00 3.505372817312355238e+01 -1.727327950315852831e+02
3.125805755833060751e+00 3.742629825228236484e+01 -1.013113208075877054e+02
3.141592653589793116e+00 3.825251109950140460e+01 -5.233535175501376102e+01
