1.000000000000000021e-03 6.675042465879627684e+01 1.190937704066605818e+01
4.100000000000000172e-02 6.627404957716963452e+01 2.143687867319847840e+01
8.100000000000000255e-02 6.503547436494039857e+01 3.811000653013039141e+01
1.209999999999999964e-01 6.322524905475920320e+01 5.001938357079627195e+01
1.610000000000000042e-01 6.103392367927669682e+01 5.716500979519585002e+01
2.010000000000000120e-01 5.865204827114353492e+01 5.954688520332886981e+01
2.409999999999999920e-01 5.627017286301038723e+01 5.954688520332895507e+01
2.810000000000000275e-01 5.388829745487721823e+01 5.954688520332904744e+01
3.210000000000000075e-01 5.150642204674406344e+01 5.954688520332886981e+01
3.609999999999999876e-01 4.912454663861090864e+01 5.954688520332886981e+01
4.010000000000000231e-01 4.674267123047775385e+01 5.954688520332886981e+01
4.410000000000000031e-01 4.436079582234459906e+01 5.954688520332886981e+01
4.809999999999999831e-01 4.197892041421144427e+01 5.954688520332895507e+01
5.210000000000000187e-01 3.959704500607828237e+01 5.954688520332886981e+01
5.610000000000000542e-01 3.721516959794513468e+01 5.954688520332877744e+01
6.009999999999999787e-01 3.483329418981197989e+01 5.954688520332895507e+01
6.410000000000000142e-01 3.245141878167881799e+01 5.954688520332900481e+01
6.810000000000000497e-01 3.006954337354565965e+01 5.954688520332886981e+01
7.209999999999999742e-01 2.768766796541250841e+01 5.954688520332882717e+01
7.610000000000000098e-01 2.530579255727935362e+01 5.954688520332891244e+01
8.010000000000000453e-01 2.292391714914619527e+01 5.973641831735578478e+01
8.409999999999999698e-01 2.052687909189089055e+01 5.992595143138257185e+01
8.810000000000000053e-01 1.812984103463558938e+01 5.961550966740342972e+01
9.210000000000000409e-01 1.575763831849861596e+01 5.859125907603599615e+01
9.609999999999999654e-01 1.344254030855270976e+01 5.641164966219471921e+01
1.000999999999999890e+00 1.124470634552303849e+01 5.217894531312465745e+01
1.040999999999999925e+00 9.268224683502737093e+00 4.599375490927419463e+01
1.080999999999999961e+00 7.565205952781102638e+00 3.878327822155148397e+01
1.120999999999999996e+00 6.165562425778618127e+00 3.110012920895038846e+01
1.160999999999999810e+00 5.077195616065071526e+00 2.408567831663938108e+01
1.200999999999999845e+00 4.238708160447467677e+00 1.901451707230603461e+01
1.240999999999999881e+00 3.556034250280588616e+00 1.593996669552613632e+01
1.280999999999999917e+00 2.963510824805376753e+00 1.420103826566760397e+01
1.320999999999999952e+00 2.419951189027180316e+00 1.335714716121303347e+01
1.360999999999999988e+00 1.894939051908334005e+00 1.283064518268092513e+01
1.401000000000000023e+00 1.393499574412706332e+00 1.211331575148866335e+01
1.440999999999999837e+00 9.258737917892408964e-01 1.118554336260850413e+01
1.480999999999999872e+00 4.986561054040258845e-01 1.020740652263395987e+01
1.520999999999999908e+00 1.092812699785240954e-01 9.207256209604896213e+00
1.560999999999999943e+00 -2.379243913643658559e-01 7.834116848352791429e+00
1.600999999999999979e+00 -5.174480778896992650e-01 5.952211279766729035e+00
1.641000000000000014e+00 -7.141012937457041909e-01 3.952665006423815353e+00
1.680999999999999828e+00 -8.336612784036044888e-01 2.231657611199201696e+00
1.720999999999999863e+00 -8.926339026416403311e-01 8.971231383869168186e-01
1.760999999999999899e+00 -9.054311294745578387e-01 4.597149921480997437e-02
1.800999999999999934e+00 -8.963116225788251290e-01 -2.822022587672612381e-01
1.840999999999999970e+00 -8.828549487731769396e-01 -4.076969175764749709e-01
1.881000000000000005e+00 -8.636958691727071313e-01 -5.910478760534215725e-01
1.920999999999999819e+00 -8.355711186889032138e-01 -8.209246708878222831e-01
1.960999999999999854e+00 -7.980218955016813442e-01 -1.004830030934263041e+00
2.000999999999999890e+00 -7.551847162141621661e-01 -1.118822414735230808e+00
2.040999999999999925e+00 -7.085161023228628840e-01 -1.177548103050263251e+00
2.080999999999999961e+00 -6.609808679701411060e-01 -1.228805467822763342e+00
2.120999999999999996e+00 -6.102116648970418167e-01 -1.309398115330763446e+00
2.161000000000000032e+00 -5.562290187436800259e-01 -1.359763098163192740e+00
2.201000000000000068e+00 -5.014306170439863930e-01 -1.355932681583550625e+00
2.241000000000000103e+00 -4.477544042169959715e-01 -1.285527423372114564e+00
2.281000000000000139e+00 -3.985884231742172212e-01 -1.167277536549064187e+00
2.320999999999999730e+00 -3.543722012930708432e-01 -1.072653787660247993e+00
2.360999999999999766e+00 -3.127761201613973863e-01 -1.053262952402903796e+00
2.400999999999999801e+00 -2.701111651008385461e-01 -1.100520180211828070e+00
2.440999999999999837e+00 -2.247345057444511407e-01 -1.193801652382105116e+00
2.480999999999999872e+00 -1.746070329102701324e-01 -1.313709793909268564e+00
2.520999999999999908e+00 -1.196377222317096534e-01 -1.372805491646960530e+00
2.560999999999999943e+00 -6.478259357851329225e-02 -1.312157332024056933e+00
2.600999999999999979e+00 -1.466513566978510340e-02 -1.154684225835633349e+00
2.641000000000000014e+00 2.759214448833739036e-02 -9.506150393286739719e-01
2.681000000000000050e+00 6.138406747650881901e-02 -7.314218020793724628e-01
2.721000000000000085e+00 8.610588865468718489e-02 -5.259505573825864477e-01
2.761000000000000121e+00 1.034601120671157365e-01 -3.586912677871048616e-01
2.801000000000000156e+00 1.148011900776555738e-01 -2.101370480385175987e-01
2.840999999999999748e+00 1.202710759101971449e-01 -6.482057867877727420e-02
2.880999999999999783e+00 1.199868363719577558e-01 6.736917686829355101e-02
2.920999999999999819e+00 1.148815417607336603e-01 1.734022529137738688e-01
2.960999999999999854e+00 1.061146561388558451e-01 2.568828206749359522e-01
3.000999999999999890e+00 9.433091610673878524e-02 3.003009315584507233e-01
3.040999999999999925e+00 8.209058161417978616e-02 2.849364346286410998e-01
3.080999999999999961e+00 7.153600133644749670e-02 2.444133667224432926e-01
3.120999999999999996e+00 6.253751227638432164e-02 2.215199675015202818e-01
3.161000000000000032e+00 5.381440393632587471e-02 2.076917612819131620e-01
3.201000000000000068e+00 4.592217137383126924e-02 1.919062410265004182e-01
3.241000000000000103e+00 3.846190465420584043e-02 1.996784327872035969e-01
3.281000000000000139e+00 2.994789675085498051e-02 2.258215958098514498e-01
3.321000000000000174e+00 2.039617698941772334e-02 2.302438072948275738e-01
3.360999999999999766e+00 1.152839216726877364e-02 2.091937394973274467e-01
3.400999999999999801e+00 3.660677829631528608e-03 1.792314072889511778e-01
3.440999999999999837e+00 -2.810120415847321574e-03 1.349647414215925656e-01
3.480999999999999872e+00 -7.136501484095877923e-03 7.966899154975602693e-02
3.520999999999999908e+00 -9.183639739827803572e-03 3.476363232312609103e-02
3.560999999999999943e+00 -9.917592069945965066e-03 9.051926316689480265e-03
3.600999999999999979e+00 -9.907793845162961993e-03 -2.921786217932207871e-03
3.641000000000000014e+00 -9.683849172511388437e-03 -4.403297454610576207e-03
3.681000000000000050e+00 -9.555530048794115897e-03 -2.705233081445488838e-03
3.721000000000000085e+00 -9.467430525995749330e-03 -5.277603815347932902e-03
3.761000000000000121e+00 -9.133321743566281264e-03 -1.488997013158080245e-02
3.801000000000000156e+00 -8.276232915469285134e-03 -2.788374214515905100e-02
3.840999999999999748e+00 -6.902622371953557115e-03 -3.896653347883963919e-02
3.880999999999999783e+00 -5.158910237162113790e-03 -4.408569697018425299e-02
3.920999999999999819e+00 -3.375766614338816893e-03 -4.377274897934824160e-02
3.960999999999999854e+00 -1.657090318814254245e-03 -4.219708267923521355e-02
4.001000000000000334e+00 0.000000000000000000e+00 -4.142725797035635288e-02
