0.000000000000000000e+00 2.132020840550475214e+02 1.171915256926515880e+01
1.578689775673262907e-02 2.130170749916409818e+02 2.343830513852851638e+01
3.157379551346525814e-02 2.124620478014214200e+02 4.687661027705793515e+01
4.736069327019788722e-02 2.115370024843887506e+02 7.031491541558735037e+01
6.314759102693051629e-02 2.102419390405430590e+02 9.375322055411317024e+01
7.893448878366314536e-02 2.085768574698843736e+02 1.054723731233783184e+02
9.472138654039577443e-02 2.069117758992256029e+02 1.054723731233792279e+02
1.105082842971284035e-01 2.052466943285668890e+02 1.054723731233783184e+02
1.262951820538610326e-01 2.035816127579081467e+02 1.054723731233783184e+02
1.420820798105936755e-01 2.019165311872494328e+02 1.054723731233783184e+02
1.578689775673262907e-01 2.002514496165906905e+02 1.054723731233783184e+02
1.736558753240589059e-01 1.985863680459319767e+02 1.054723731233783184e+02
1.894427730807915489e-01 1.969212864752732344e+02 1.054723731233792279e+02
2.052296708375241918e-01 1.952562049046144921e+02 1.054723731233792279e+02
2.210165685942568070e-01 1.935911233339557498e+02 1.054723731233783184e+02
2.368034663509894222e-01 1.919260417632970359e+02 1.054723731233783184e+02
2.525903641077220652e-01 1.902609601926382936e+02 1.054723731233783184e+02
2.683772618644547081e-01 1.885958786219795797e+02 1.054723731233783184e+02
2.841641596211873511e-01 1.869307970513208375e+02 1.054723731233783184e+02
2.999510573779199385e-01 1.852657154806621236e+02 1.054723731233783184e+02
3.157379551346525814e-01 1.836006339100033813e+02 1.054723731233783184e+02
3.315248528913852244e-01 1.819355523393446674e+02 1.054723731233783184e+02
3.473117506481178118e-01 1.802704707686859251e+02 1.054723731233783184e+02
3.630986484048504548e-01 1.786053891980272113e+02 1.054723731233783184e+02
3.788855461615830977e-01 1.769403076273684690e+02 1.054723731233801232e+02
3.946724439183157407e-01 1.752752260567096982e+02 1.054723731233801232e+02
4.104593416750483836e-01 1.736101444860509559e+02 1.054723731233792279e+02
4.262462394317809711e-01 1.719450629153922137e+02 1.054723731233783184e+02
4.420331371885136140e-01 1.702799813447334998e+02 1.054723731233774231e+02
4.578200349452462570e-01 1.686148997740747859e+02 1.054723731233783184e+02
4.736069327019788444e-01 1.669498182034160436e+02 1.054723731233792279e+02
4.893938304587114874e-01 1.652847366327573013e+02 1.054723731233783184e+02
5.051807282154441303e-01 1.636196550620985875e+02 1.054723731233774231e+02
5.209676259721767178e-01 1.619545734914398736e+02 1.054723731233783184e+02
5.367545237289094162e-01 1.602894919207811313e+02 1.054723731233792279e+02
5.525414214856420037e-01 1.586244103501223890e+02 1.054723731233783184e+02
5.683283192423747021e-01 1.569593287794636751e+02 1.054723731233783184e+02
5.841152169991072896e-01 1.552942472088049328e+02 1.054723731233792279e+02
5.999021147558398770e-01 1.536291656381461905e+02 1.054723731233783184e+02
6.156890125125725755e-01 1.519640840674874767e+02 1.054723731233774231e+02
6.314759102693051629e-01 1.502990024968287628e+02 1.054723731233783184e+02
6.472628080260377503e-01 1.486339209261700205e+02 1.054723731233792279e+02
6.630497057827704488e-01 1.469688393555112782e+02 1.054723731233792279e+02
6.788366035395030362e-01 1.453037577848525359e+02 1.054723731233783184e+02
6.946235012962356237e-01 1.436386762141938220e+02 1.054723731233783184e+02
7.104103990529683221e-01 1.419735946435350797e+02 1.054723731233792279e+02
7.261972968097009096e-01 1.403085130728763374e+02 1.054723731233792279e+02
7.419841945664336080e-01 1.386434315022175952e+02 1.054723731233783184e+02
7.577710923231661955e-01 1.369783499315588813e+02 1.054723731233783184e+02
7.735579900798987829e-01 1.353132683609001390e+02 1.054723731233792279e+02
7.893448878366314814e-01 1.336481867902413967e+02 1.054723731233792279e+02
8.051317855933640688e-01 1.319831052195826544e+02 1.054723731233783184e+02
8.209186833500967673e-01 1.303180236489239405e+02 1.054723731233783184e+02
8.367055811068293547e-01 1.286529420782651982e+02 1.054723731233787731e+02
8.524924788635619421e-01 1.269878605076064702e+02 1.054723731233787731e+02
8.682793766202946406e-01 1.253227789369477279e+02 1.054723731233787731e+02
8.840662743770272280e-01 1.236576973662889998e+02 1.054723731233783184e+02
8.998531721337598155e-01 1.219926157956302717e+02 1.054723731233783184e+02
9.156400698904925139e-01 1.203275342249715436e+02 1.054723731233783184e+02
9.314269676472251014e-01 1.186624526543128155e+02 1.054723731233783184e+02
9.472138654039576888e-01 1.169973710836540874e+02 1.054723731233787731e+02
9.630007631606903873e-01 1.153322895129953451e+02 1.054723731233787731e+02
9.787876609174229747e-01 1.136672079423366171e+02 1.054723731233783184e+02
9.945745586741556732e-01 1.120021263716778890e+02 1.054723731233783184e+02
1.010361456430888261e+00 1.103370448010191609e+02 1.054723731233783184e+02
1.026148354187620848e+00 1.086719632303604328e+02 1.054723731233783184e+02
1.041935251944353436e+00 1.070068816597017047e+02 1.054723731233783184e+02
1.057722149701086245e+00 1.053418000890429767e+02 1.054723731233783184e+02
1.073509047457818832e+00 1.036767185183842486e+02 1.054723731233783184e+02
1.089295945214551420e+00 1.020116369477255205e+02 1.054723731233787731e+02
1.105082842971284007e+00 1.003465553770667782e+02 1.054723731233787731e+02
1.120869740728016595e+00 9.868147380640805011e+01 1.054723731233787731e+02
1.136656638484749404e+00 9.701639223574930782e+01 1.054723731233787731e+02
1.152443536241481992e+00 9.535131066509057973e+01 1.054723731233787731e+02
1.168230433998214579e+00 9.368622909443183744e+01 1.054723731233796684e+02
1.184017331754947167e+00 9.202114752377308093e+01 1.054723731233796684e+02
1.199804229511679754e+00 9.035606595311433864e+01 1.054723731233787731e+02
1.215591127268412341e+00 8.869098438245561056e+01 1.054723731233783184e+02
1.231378025025145151e+00 8.702590281179688247e+01 1.054723731233783184e+02
1.247164922781877738e+00 8.536082124113815439e+01 1.054723731233783184e+02
1.262951820538610326e+00 8.369573967047942631e+01 1.054723731233783184e+02
1.278738718295342913e+00 8.203065809982069823e+01 1.054723731233787731e+02
1.294525616052075501e+00 8.036557652916195593e+01 1.054723731233787731e+02
1.310312513808808310e+00 7.870049495850322785e+01 1.054723731233787731e+02
1.326099411565540898e+00 7.703541338784448556e+01 1.054723731233787731e+02
1.341886309322273485e+00 7.537033181718575747e+01 1.058593467940319641e+02
1.357673207079006072e+00 7.369303201898071620e+01 1.058593467940324189e+02
1.373460104835738660e+00 7.202795044832197391e+01 9.187602625709448034e+01
1.389247002592471247e+00 7.079215715334945003e+01 9.322737261013340060e+01
1.405033900349204057e+00 6.908440844927199009e+01 1.230797019329417878e+02
1.420820798105936644e+00 6.690606381266049141e+01 1.075411682292297399e+02
1.436607695862669232e+00 6.568892559432312339e+01 1.067218850290524017e+02
1.452394593619401819e+00 6.353644883794164144e+01 1.027443935006319293e+02
1.468181491376134407e+00 6.244489512377916185e+01 6.687632580256632764e+01
1.483968389132867216e+00 6.142490940235953190e+01 3.357831517364576968e+01
1.499755286889599804e+00 6.138470026679978275e+01 3.220118452375409390e+01
1.515542184646332391e+00 6.040819578691515801e+01 7.146444471747774685e+01
1.531329082403064978e+00 5.912829650280679772e+01 9.090400778174712570e+01
1.547115980159797566e+00 5.753801123385981953e+01 8.319277678457723368e+01
1.562902877916530375e+00 5.650158478041319654e+01 9.872460976118905762e+01
1.578689775673262963e+00 5.442090059311338024e+01 9.131853807055956906e+01
1.594476673429995550e+00 5.361831193278475638e+01 7.456795095064234147e+01
1.610263571186728138e+00 5.206650735793969176e+01 8.438277955521479612e+01
1.626050468943460725e+00 5.095402730625058751e+01 1.163984383552064088e+02
1.641837366700193535e+00 4.839136686722571312e+01 1.304236693149636324e+02
1.657624264456926122e+00 4.683605704118411239e+01 1.186300567358388065e+02
1.673411162213658709e+00 4.464576571409755701e+01 1.027508973605565359e+02
1.689198059970391297e+00 4.359182121909684327e+01 7.768771665311444963e+01
1.704984957727123884e+00 4.219286963458409190e+01 8.298934970525353094e+01
1.720771855483856472e+00 4.097153246170771013e+01 7.448835193904227481e+01
1.736558753240589281e+00 3.984098964232573792e+01 8.907274208497238988e+01
1.752345650997321869e+00 3.815916791729316060e+01 1.164141670734832559e+02
1.768132548754054456e+00 3.616535253627719726e+01 1.225476401743285066e+02
1.783919446510787044e+00 3.428987378577119216e+01 1.213301234243749462e+02
1.799706344267519631e+00 3.233450002965248160e+01 1.015659921403062498e+02
1.815493242024252440e+00 3.108304991881094281e+01 8.959329933968992066e+01
1.831280139780985028e+00 2.950569951692443027e+01 8.765917848265458190e+01
1.847067037537717615e+00 2.831531694252125320e+01 7.381119072629938671e+01
1.862853935294450203e+00 2.717520007432687024e+01 8.147263404863925018e+01
1.878640833051182790e+00 2.574291665512613037e+01 8.605879555292472105e+01
1.894427730807915378e+00 2.445799726140371178e+01 8.621973731497088522e+01
1.910214628564648187e+00 2.302063229991854953e+01 7.846616558783024686e+01
1.926001526321380775e+00 2.198052259440785505e+01 6.978918425100172840e+01
1.941788424078113362e+00 2.081712286732587103e+01 8.014961196387803000e+01
1.957575321834845949e+00 1.944989513577678153e+01 8.416222101092498065e+01
1.973362219591578537e+00 1.815980211116785625e+01 8.160227985764704783e+01
1.989149117348311346e+00 1.687340143811886861e+01 8.062315230387130782e+01
2.004936015105043712e+00 1.561422318667445808e+01 8.387594442605325185e+01
2.020722912861776521e+00 1.422511952031188720e+01 7.776526439549274983e+01
2.036509810618509331e+00 1.315887863060060958e+01 7.038099814584511194e+01
2.052296708375241696e+00 1.200292427682139618e+01 7.113223240680235904e+01
2.068083606131974506e+00 1.091296407017194525e+01 6.394234584812653566e+01
2.083870503888706871e+00 9.984021724361374694e+00 5.376803887533963433e+01
2.099657401645439680e+00 9.215303005561921168e+00 5.109181548938875039e+01
2.115444299402172490e+00 8.370859189687717361e+00 5.112562857554811302e+01
2.131231197158904855e+00 7.601072863420188952e+00 4.668179407827052785e+01
2.147018094915637665e+00 6.896937769258710382e+00 3.933847426188214769e+01
2.162804992672370030e+00 6.359007921263805763e+00 3.550705980622468871e+01
2.178591890429102840e+00 5.775845123652590729e+00 2.511984261555785736e+01
2.194378788185835649e+00 5.565879147189751741e+00 1.074141339716845955e+01
2.210165685942568015e+00 5.436697933524797577e+00 3.360074421157707381e+00
2.225952583699300824e+00 5.459788844506093142e+00 -2.767515619693868612e+00
2.241739481456033189e+00 5.524078905781332871e+00 -1.055009177104065543e+01
2.257526379212765999e+00 5.792895284733223349e+00 -1.710356388572918007e+01
2.273313276969498808e+00 6.064103334460835271e+00 -1.546447668356555560e+01
2.289100174726231174e+00 6.281167509262873594e+00 -1.438402633909595707e+01
2.304887072482963983e+00 6.518261640751749297e+00 -1.462076820840529123e+01
2.320673970239696349e+00 6.742800654924836046e+00 -1.237134750491338409e+01
2.336460867996429158e+00 6.908872037097903096e+00 -1.018658122751616446e+01
2.352247765753161524e+00 7.064429687583735351e+00 -1.450265097439399042e+01
2.368034663509894333e+00 7.366775773366576630e+00 -1.922694095809116632e+01
2.383821561266627143e+00 7.671497189743975653e+00 -1.716391485013661722e+01
2.399608459023359508e+00 7.908705711055319831e+00 -1.849730849782912045e+01
2.415395356780092317e+00 8.255527425803915520e+00 -1.426904977231258975e+01
2.431182254536824683e+00 8.359233770737775515e+00 -8.295307811707106627e-01
2.446969152293557492e+00 8.281718861060724635e+00 8.334082513147016869e+00
2.462756050050290302e+00 8.096095153675324951e+00 1.448555066552906823e+01
2.478542947807022667e+00 7.824355046447369233e+00 1.557911568171622285e+01
2.494329845563755477e+00 7.604203340860197002e+00 1.715257595391713963e+01
2.510116743320487842e+00 7.282783120749208194e+00 1.691843906927620367e+01
2.525903641077220652e+00 7.070024005279848645e+00 1.601484035848565668e+01
2.541690538833953461e+00 6.777133826089591473e+00 2.401159268669415425e+01
2.557477436590685826e+00 6.311886887837549587e+00 2.552046557992056464e+01
2.573264334347418636e+00 5.971355864460750951e+00 2.303930956230968263e+01
2.589051232104151001e+00 5.584448438945758930e+00 2.299464612723636137e+01
2.604838129860883811e+00 5.245327609734894203e+00 2.324596086468855560e+01
2.620625027617616620e+00 4.850485224090066438e+00 2.601473058631423640e+01
2.636411925374348986e+00 4.423943825864718349e+00 2.825950460621645277e+01
2.652198823131081795e+00 3.958225404341558562e+00 3.074639622423531193e+01
2.667985720887814161e+00 3.453163398704732323e+00 2.669181720066848129e+01
2.683772618644546970e+00 3.115463426164857275e+00 1.938883580916043314e+01
2.699559516401279780e+00 2.840984261622148122e+00 1.631277093780650844e+01
2.715346414158012145e+00 2.600407332316555742e+00 1.106056854307577453e+01
2.731133311914744954e+00 2.491760132180407261e+00 2.766268249481842023e+00
2.746920209671477320e+00 2.513065744272024560e+00 -3.387942519489352655e+00
2.762707107428210129e+00 2.598730336502138361e+00 -3.244372384420908695e+00
2.778494005184942495e+00 2.615502894507264031e+00 -1.353876466704610237e+01
2.794280902941675304e+00 3.026200523604380521e+00 -2.326031838526201057e+01
2.810067800698408114e+00 3.349919430781623131e+00 -2.575119041558641442e+01
2.825854698455140479e+00 3.839263344014412382e+00 -3.488292371146604864e+01
2.841641596211873289e+00 4.451305730959260742e+00 -4.395885807347232799e+01
2.857428493968605654e+00 5.227211339831669079e+00 -5.991897867259152832e+01
2.873215391725338463e+00 6.343175310943351519e+00 -6.759466028203937071e+01
2.889002289482071273e+00 7.361431321378931969e+00 -5.790407088672754554e+01
2.904789187238803638e+00 8.171426604518083892e+00 -6.778089426256930494e+01
2.920576084995536448e+00 9.501531416545105913e+00 -6.456252970946512448e+01
2.936362982752268813e+00 1.020991071539676120e+01 -6.616232011393469747e+01
2.952149880509001623e+00 1.159052698251890945e+01 -7.204335276698346036e+01
2.967936778265734432e+00 1.248459280376593838e+01 -4.716150179165326506e+01
2.983723676022466798e+00 1.307959459619649500e+01 -5.161150819555803082e+01
2.999510573779199607e+00 1.411416400967402396e+01 -8.586054681059857785e+01
3.015297471535931972e+00 1.579053794386864595e+01 -1.193203152561513889e+02
3.031084369292664782e+00 1.788155924417395681e+01 -1.559183421009678625e+02
3.046871267049397591e+00 2.071347179416312656e+01 -1.672996891928767695e+02
3.062658164806129957e+00 2.316384542021614124e+01 -1.665475023074813805e+02
3.078445062562862766e+00 2.597200857529792728e+01 -1.614204177926872603e+02
3.094231960319595132e+00 2.826050068330057741e+01 -1.552855278445741760e+02
3.110018858076327941e+00 3.087496207766302803e+01 -1.876703904518609249e+02
3.125805755833060751e+00 3.418596721535981686e+01 -2.052003865615334064e+02
3.141592653589793116e+00 3.735391712224090810e+01 -2.006695650847588013e+02
