0.000000000000000000e+00 9.650658410528748732e+01 7.345975693385279337e-01
1.578689775673262907e-02 9.649498708856799567e+01 1.469195138677055867e+00
3.157379551346525814e-02 9.646019603840952072e+01 2.938390277352761260e+00
4.736069327019788722e-02 9.640221095481210511e+01 4.407585416028466874e+00
6.314759102693051629e-02 9.632103183777570621e+01 5.876780554705073101e+00
7.893448878366314536e-02 9.621665868730033822e+01 6.611378124044050786e+00
9.472138654039577443e-02 9.611228553682494180e+01 6.611378124044050786e+00
1.105082842971284035e-01 9.600791238634957381e+01 6.611378124042700755e+00
1.262951820538610326e-01 9.590353923587422003e+01 6.611378124043151061e+00
1.420820798105936755e-01 9.579916608539883782e+01 6.611378124044501092e+00
1.578689775673262907e-01 9.569479293492344141e+01 6.611378124044501092e+00
1.736558753240589059e-01 9.559041978444805920e+01 6.611378124043600479e+00
1.894427730807915489e-01 9.548604663397269121e+01 6.611378124043600479e+00
2.052296708375241918e-01 9.538167348349730901e+01 6.611378124043151061e+00
2.210165685942568070e-01 9.527730033302195523e+01 6.611378124043151061e+00
2.368034663509894222e-01 9.517292718254657302e+01 6.611378124044050786e+00
2.525903641077220652e-01 9.506855403207119082e+01 6.611378124043600479e+00
2.683772618644547081e-01 9.496418088159582283e+01 6.611378124043600479e+00
2.841641596211873511e-01 9.485980773112044062e+01 6.611378124044050786e+00
2.999510573779199385e-01 9.475543458064505842e+01 6.611378124043151061e+00
3.157379551346525814e-01 9.465106143016970464e+01 6.611378124043151061e+00
3.315248528913852244e-01 9.454668827969432243e+01 6.611378124043600479e+00
3.473117506481178118e-01 9.444231512921895444e+01 6.611378124043600479e+00
3.630986484048504548e-01 9.433794197874357224e+01 6.611378124044050786e+00
3.788855461615830977e-01 9.423356882826819003e+01 6.611378124043600479e+00
3.946724439183157407e-01 9.412919567779282204e+01 6.611378124043600479e+00
4.104593416750483836e-01 9.402482252731743984e+01 6.611378124043600479e+00
4.262462394317809711e-01 9.392044937684207184e+01 6.611378124043600479e+00
4.420331371885136140e-01 9.381607622636668964e+01 6.611378124043600479e+00
4.578200349452462570e-01 9.371170307589132165e+01 6.611378124043600479e+00
4.736069327019788444e-01 9.360732992541593944e+01 6.611378124043600479e+00
4.893938304587114874e-01 9.350295677494057145e+01 6.611378124043151061e+00
5.051807282154441303e-01 9.339858362446520346e+01 6.611378124044050786e+00
5.209676259721767178e-01 9.329421047398980704e+01 6.611378124043600479e+00
5.367545237289094162e-01 9.318983732351445326e+01 6.611378124043151061e+00
5.525414214856420037e-01 9.308546417303907106e+01 6.611378124043600479e+00
5.683283192423747021e-01 9.298109102256370306e+01 6.611378124044050786e+00
5.841152169991072896e-01 9.287671787208830665e+01 6.611378124044050786e+00
5.999021147558398770e-01 9.277234472161293866e+01 6.611378124043151061e+00
6.156890125125725755e-01 9.266797157113757066e+01 6.611378124043151061e+00
6.314759102693051629e-01 9.256359842066220267e+01 6.611378124044050786e+00
6.472628080260377503e-01 9.245922527018680626e+01 6.611378124044501092e+00
6.630497057827704488e-01 9.235485211971142405e+01 6.611378124043600479e+00
6.788366035395030362e-01 9.225047896923605606e+01 6.611378124043600479e+00
6.946235012962356237e-01 9.214610581876067386e+01 6.611378124043151061e+00
7.104103990529683221e-01 9.204173266828532007e+01 6.611378124043151061e+00
7.261972968097009096e-01 9.193735951780993787e+01 6.611378124044050786e+00
7.419841945664336080e-01 9.183298636733455567e+01 6.611378124043600479e+00
7.577710923231661955e-01 9.172861321685918767e+01 6.611378124043600479e+00
7.735579900798987829e-01 9.162424006638380547e+01 6.611378124044050786e+00
7.893448878366314814e-01 9.151986691590842327e+01 6.611378124043151061e+00
8.051317855933640688e-01 9.141549376543306948e+01 6.611378124043151061e+00
8.209186833500967673e-01 9.131112061495768728e+01 6.611378124043600479e+00
8.367055811068293547e-01 9.120674746448231929e+01 6.611378124043600479e+00
8.524924788635619421e-01 9.110237431400693708e+01 6.611378124044050786e+00
8.682793766202946406e-01 9.099800116353155488e+01 6.611378124043600479e+00
8.840662743770272280e-01 9.089362801305618689e+01 6.611378124043600479e+00
8.998531721337598155e-01 9.078925486258080468e+01 6.611378124043600479e+00
9.156400698904925139e-01 9.068488171210543669e+01 6.611378124043600479e+00
9.314269676472251014e-01 9.058050856163005449e+01 6.611378124043600479e+00
9.472138654039576888e-01 9.047613541115468649e+01 6.611378124043600479e+00
9.630007631606903873e-01 9.037176226067930429e+01 6.611378124043600479e+00
9.787876609174229747e-01 9.026738911020393630e+01 6.611378124043151061e+00
9.945745586741556732e-01 9.016301595972856830e+01 6.611378124044050786e+00
1.010361456430888261e+00 9.005864280925317189e+01 6.611378124044050786e+00
1.026148354187620848e+00 8.995426965877780390e+01 6.611378124043151061e+00
1.041935251944353436e+00 8.984989650830243590e+01 6.611378124043600479e+00
1.057722149701086245e+00 8.974552335782705370e+01 6.611378124044050786e+00
1.073509047457818832e+00 8.964115020735167150e+01 6.611378124043600479e+00
1.089295945214551420e+00 8.953677705687630350e+01 6.611378124043600479e+00
1.105082842971284007e+00 8.943240390640092130e+01 6.611378124043600479e+00
1.120869740728016595e+00 8.932803075592555331e+01 6.611378124043600479e+00
1.136656638484749404e+00 8.922365760545017110e+01 6.611378124044050786e+00
1.152443536241481992e+00 8.911928445497478890e+01 6.611378124043600479e+00
1.168230433998214579e+00 8.901491130449942091e+01 6.611378124043600479e+00
1.184017331754947167e+00 8.891053815402403870e+01 6.611378124043151061e+00
1.199804229511679754e+00 8.880616500354868492e+01 6.611378124043151061e+00
1.215591127268412341e+00 8.870179185307330272e+01 6.611378124044050786e+00
1.231378025025145151e+00 8.859741870259792051e+01 6.611378124043600479e+00
1.247164922781877738e+00 8.849304555212255252e+01 6.611378124043600479e+00
1.262951820538610326e+00 8.838867240164717032e+01 6.611378124044050786e+00
1.278738718295342913e+00 8.828429925117178811e+01 6.611378124043151061e+00
1.294525616052075501e+00 8.817992610069643433e+01 6.611378124043151061e+00
1.310312513808808310e+00 8.807555295022105213e+01 6.611378124043600479e+00
1.326099411565540898e+00 8.797117979974568414e+01 6.611378124043600479e+00
1.341886309322273485e+00 8.786680664927030193e+01 -1.741924194539652637e+00
1.357673207079006072e+00 8.802617895806403681e+01 -3.211119333216708505e+00
1.373460104835738660e+00 8.796819387446662120e+01 1.021999008694277933e+01
1.389247002592471247e+00 8.770349508090926349e+01 8.021744062318080637e+01
1.405033900349204057e+00 8.543542480761676927e+01 1.689462098613569481e+02
1.420820798105936644e+00 8.236922199797179189e+01 2.032856658729676838e+02
1.436607695862669232e+00 7.901692476252506481e+01 2.317733057851462206e+02
1.452394593619401819e+00 7.505125903563173040e+01 2.530373820214402372e+02
1.468181491376134407e+00 7.102757420531752075e+01 2.242768977649637634e+02
1.483968389132867216e+00 6.796998612720641120e+01 1.803991266076061208e+02
1.499755286889599804e+00 6.533168907100123590e+01 1.800800215985749446e+02
1.515542184646332391e+00 6.228417634919259882e+01 1.956456156457693965e+02
1.531329082403064978e+00 5.915441440949569341e+01 1.623971546043258343e+02
1.547115980159797566e+00 5.715668179774701230e+01 1.194700530699300458e+02
1.562902877916530375e+00 5.538229138388287964e+01 1.188982781752671656e+02
1.578689775673262963e+00 5.340261187573801749e+01 1.048336427629099461e+02
1.594476673429995550e+00 5.207229538435509397e+01 7.982046208388806008e+01
1.610263571186728138e+00 5.088237692811102875e+01 7.374864810690384331e+01
1.626050468943460725e+00 4.974377064963320549e+01 9.411024981224997532e+01
1.641837366700193535e+00 4.791095914481791596e+01 1.064985467574362019e+02
1.657624264456926122e+00 4.638120731183269640e+01 1.115611877157437277e+02
1.673411162213658709e+00 4.438854901664171138e+01 1.008451475871387544e+02
1.689198059970391297e+00 4.319714324339115308e+01 7.676295989420123078e+01
1.704984957727123884e+00 4.196485101793386718e+01 6.644033141548896992e+01
1.720771855483856472e+00 4.109936980543164253e+01 5.941601321931663904e+01
1.736558753240589281e+00 4.008886196632181509e+01 7.094019047818395052e+01
1.752345650997321869e+00 3.885951873758718733e+01 1.055269703611418208e+02
1.768132548754054456e+00 3.675697498298361410e+01 1.431980515485465162e+02
1.783919446510787044e+00 3.433821274006672297e+01 1.437411182786233610e+02
1.799706344267519631e+00 3.221852230757753688e+01 1.069163727822095353e+02
1.815493242024252440e+00 3.096245704879981631e+01 8.691764339102610393e+01
1.831280139780985028e+00 2.947420240863698382e+01 8.298678469190282669e+01
1.847067037537717615e+00 2.834224927861770738e+01 7.257604833590926319e+01
1.862853935294450203e+00 2.718270109930361400e+01 7.422172363598508582e+01
1.878640833051182790e+00 2.599878775387818308e+01 7.820586208086889712e+01
1.894427730807915378e+00 2.471344520200799266e+01 8.877602362847653694e+01
1.910214628564648187e+00 2.319579173733410471e+01 8.704971361683932685e+01
1.926001526321380775e+00 2.196495534476419564e+01 8.181634206703589030e+01
1.941788424078113362e+00 2.061253928324978801e+01 9.474099799250389253e+01
1.957575321834845949e+00 1.897362244740725501e+01 9.565303213263506166e+01
1.973362219591578537e+00 1.759241000645104691e+01 8.278627339413347386e+01
1.989149117348311346e+00 1.635974557993905520e+01 7.493257224826466256e+01
2.004936015105043712e+00 1.522650429298637675e+01 7.471336872795711770e+01
2.020722912861776521e+00 1.400076095360040718e+01 6.883648650044322892e+01
2.036509810618509331e+00 1.305307514435597049e+01 6.399088595315505756e+01
2.052296708375241696e+00 1.198032580579001305e+01 6.679943366072212996e+01
2.068083606131974506e+00 1.094396348553704179e+01 6.295505595425404977e+01
2.083870503888706871e+00 9.992595742551632299e+00 5.478350557948152044e+01
2.099657401645439680e+00 9.214240282859709197e+00 5.086418427485462956e+01
2.115444299402172490e+00 8.386620389298157008e+00 4.987847221509522200e+01
2.131231197158904855e+00 7.639387600616234231e+00 4.509154294797509266e+01
2.147018094915637665e+00 6.962909232872155130e+00 3.614816795430880347e+01
2.162804992672370030e+00 6.498052737440490390e+00 3.156131747933333642e+01
2.178591890429102840e+00 5.966398648644127611e+00 2.225121929594365966e+01
2.194378788185835649e+00 5.795497289465092905e+00 1.074369931638837805e+01
2.210165685942568015e+00 5.627179283370324470e+00 5.471910129360392894e+00
2.225952583699300824e+00 5.622728317972608636e+00 -2.057087601612585637e+00
2.241739481456033189e+00 5.692129346656924938e+00 -9.874750549915225051e+00
2.257526379212765999e+00 5.934511672582110542e+00 -1.543870451700387392e+01
2.273313276969498808e+00 6.179587846069617640e+00 -1.577171622255979599e+01
2.289100174726231174e+00 6.432484615489616253e+00 -1.553175078684778931e+01
2.304887072482963983e+00 6.669984169379652883e+00 -1.386658517183944639e+01
2.320673970239696349e+00 6.870305340175324460e+00 -1.225123624864600025e+01
2.336460867996429158e+00 7.056802197481554906e+00 -1.338197214897746079e+01
2.352247765753161524e+00 7.292824992374026039e+00 -1.467501401325380606e+01
2.368034663509894333e+00 7.520148089093267707e+00 -1.272230563159139294e+01
2.383821561266627143e+00 7.694516468845700174e+00 -8.645698357685901669e+00
2.399608459023359508e+00 7.793125601109944789e+00 -1.423638314080904266e+01
2.415395356780092317e+00 8.144013118984949173e+00 -1.165013245265692809e+01
2.431182254536824683e+00 8.160964500874920091e+00 3.793029091052771307e+00
2.446969152293557492e+00 8.024252794087423979e+00 8.232049468146160009e+00
2.462756050050290302e+00 7.901047454310942797e+00 9.972951104830979574e+00
2.478542947807022667e+00 7.709368875237703200e+00 1.354928020184919824e+01
2.494329845563755477e+00 7.473245251863112948e+00 1.572377681989278742e+01
2.510116743320487842e+00 7.212909561227043298e+00 1.545304496486726364e+01
2.525903641077220652e+00 6.985333970082010069e+00 1.715543410692389159e+01
2.541690538833953461e+00 6.671247392790300879e+00 2.892520702156068069e+01
2.557477436590685826e+00 6.072055398398603643e+00 2.940511856647796662e+01
2.573264334347418636e+00 5.742816192123124885e+00 1.870894456670785289e+01
2.589051232104151001e+00 5.481343008376613035e+00 1.582477366810840635e+01
2.604838129860883811e+00 5.243168024279400541e+00 2.070035996238329545e+01
2.620625027617616620e+00 4.827754075869199468e+00 2.678828475972824208e+01
2.636411925374348986e+00 4.397360199119263235e+00 2.966935337152422747e+01
2.652198823131081795e+00 3.890979979499952446e+00 3.181096677385171745e+01
2.667985720887814161e+00 3.392967239116031486e+00 2.784792131526619485e+01
2.683772618644546970e+00 3.011715406416667129e+00 2.178444849756060009e+01
2.699559516401279780e+00 2.705149516880437588e+00 1.815588944449314823e+01
2.715346414158012145e+00 2.438465065731158177e+00 1.206266337757706175e+01
2.731133311914744954e+00 2.324285450049053292e+00 4.017012802740026700e+00
2.746920209671477320e+00 2.311632724922472626e+00 -3.049866078421130222e+00
2.762707107428210129e+00 2.420581297952576261e+00 -5.336543205609457274e+00
2.778494005184942495e+00 2.480127648845158017e+00 -1.284104624619285495e+01
2.794280902941675304e+00 2.826021866308820130e+00 -1.853640486970066092e+01
2.810067800698408114e+00 3.065392305755888280e+00 -2.349402144719321228e+01
2.825854698455140479e+00 3.567817295271465738e+00 -3.717079991417693918e+01
2.841641596211873289e+00 4.239015541318043034e+00 -4.968898412260161734e+01
2.857428493968605654e+00 5.136687119230311183e+00 -6.579873579651585658e+01
2.873215391725338463e+00 6.316531370401761158e+00 -7.763924247461243056e+01
2.889002289482071273e+00 7.588052684944070592e+00 -7.667153250335036319e+01
2.904789187238803638e+00 8.737342659366550635e+00 -8.159961766135563721e+01
2.920576084995536448e+00 1.016446232696066154e+01 -7.096184950282797388e+01
2.936362982752268813e+00 1.097787758482613718e+01 -7.134691849234110350e+01
2.952149880509001623e+00 1.241715534195371262e+01 -7.883006065215900549e+01
2.967936778265734432e+00 1.346684180017146915e+01 -5.991861250154083507e+01
2.983723676022466798e+00 1.430901336052792594e+01 -7.380386044254055378e+01
2.999510573779199607e+00 1.579710979788857195e+01 -1.166033354008857827e+02
3.015297471535931972e+00 1.799062322866349817e+01 -1.463425580928665113e+02
3.031084369292664782e+00 2.041769980203014967e+01 -1.858764141760179029e+02
3.046871267049397591e+00 2.385944712063326278e+01 -2.045982589590691703e+02
3.062658164806129957e+00 2.687764339281481085e+01 -2.057671615171886117e+02
3.078445062562862766e+00 3.035629740176315394e+01 -2.060164291619922778e+02
3.094231960319595132e+00 3.338236399958985601e+01 -1.945904973925859736e+02
3.110018858076327941e+00 3.650025797530015836e+01 -2.203397408774282269e+02
3.125805755833060751e+00 4.033932592154369701e+01 -2.281568125862081331e+02
3.141592653589793116e+00 4.370403452090111074e+01 -2.131329822493129313e+02
