0.000000000000000000e+00 6.908550499529368381e+02 4.752714993013855604e+01
1.578689775673262907e-02 6.901047436963208384e+02 9.505429986028431699e+01
3.157379551346525814e-02 6.878538249264726119e+02 1.901085997205758247e+02
4.736069327019788722e-02 6.841022936433921586e+02 2.851628995808673608e+02
6.314759102693051629e-02 6.788501498470794786e+02 3.802171994411480682e+02
7.893448878366314536e-02 6.720973935375349129e+02 4.277443493712902409e+02
9.472138654039577443e-02 6.653446372279901198e+02 4.277443493712974032e+02
1.105082842971284035e-01 6.585918809184453266e+02 4.277443493713010412e+02
1.262951820538610326e-01 6.518391246089004198e+02 4.277443493712938221e+02
1.420820798105936755e-01 6.450863682993558541e+02 4.277443493712902409e+02
1.578689775673262907e-01 6.383336119898110610e+02 4.277443493712974032e+02
1.736558753240589059e-01 6.315808556802662679e+02 4.277443493712974032e+02
1.894427730807915489e-01 6.248280993707214748e+02 4.277443493712938221e+02
2.052296708375241918e-01 6.180753430611767953e+02 4.277443493712938221e+02
2.210165685942568070e-01 6.113225867516320022e+02 4.277443493712938221e+02
2.368034663509894222e-01 6.045698304420873228e+02 4.277443493712902409e+02
2.525903641077220652e-01 5.978170741325426434e+02 4.277443493712938221e+02
2.683772618644547081e-01 5.910643178229978503e+02 4.277443493712974032e+02
2.841641596211873511e-01 5.843115615134530572e+02 4.277443493712938221e+02
2.999510573779199385e-01 5.775588052039083777e+02 4.277443493712902409e+02
3.157379551346525814e-01 5.708060488943636983e+02 4.277443493712938221e+02
3.315248528913852244e-01 5.640532925848189052e+02 4.277443493712974032e+02
3.473117506481178118e-01 5.573005362752741121e+02 4.277443493712974032e+02
3.630986484048504548e-01 5.505477799657293190e+02 4.277443493712938221e+02
3.788855461615830977e-01 5.437950236561846395e+02 4.277443493712938221e+02
3.946724439183157407e-01 5.370422673466398464e+02 4.277443493712938221e+02
4.104593416750483836e-01 5.302895110370951670e+02 4.277443493712902409e+02
4.262462394317809711e-01 5.235367547275504876e+02 4.277443493712938221e+02
4.420331371885136140e-01 5.167839984180056945e+02 4.277443493712956410e+02
4.578200349452462570e-01 5.100312421084609582e+02 4.277443493712938221e+02
4.736069327019788444e-01 5.032784857989162219e+02 4.277443493712956410e+02
4.893938304587114874e-01 4.965257294893714288e+02 4.277443493712956410e+02
5.051807282154441303e-01 4.897729731798266926e+02 4.277443493712956410e+02
5.209676259721767178e-01 4.830202168702818994e+02 4.277443493712956410e+02
5.367545237289094162e-01 4.762674605607371632e+02 4.277443493712956410e+02
5.525414214856420037e-01 4.695147042511923701e+02 4.277443493712956410e+02
5.683283192423747021e-01 4.627619479416476338e+02 4.277443493712938221e+02
5.841152169991072896e-01 4.560091916321028975e+02 4.277443493712938221e+02
5.999021147558398770e-01 4.492564353225581613e+02 4.277443493712938221e+02
6.156890125125725755e-01 4.425036790130134250e+02 4.277443493712956410e+02
6.314759102693051629e-01 4.357509227034686319e+02 4.277443493712920031e+02
6.472628080260377503e-01 4.289981663939240093e+02 4.277443493712920031e+02
6.630497057827704488e-01 4.222454100843792162e+02 4.277443493712956410e+02
6.788366035395030362e-01 4.154926537748344799e+02 4.277443493712956410e+02
6.946235012962356237e-01 4.087398974652896868e+02 4.277443493712938221e+02
7.104103990529683221e-01 4.019871411557450074e+02 4.277443493712938221e+02
7.261972968097009096e-01 3.952343848462002143e+02 4.277443493712956410e+02
7.419841945664336080e-01 3.884816285366554780e+02 4.277443493712956410e+02
7.577710923231661955e-01 3.817288722271106849e+02 4.277443493712956410e+02
7.735579900798987829e-01 3.749761159175659486e+02 4.277443493712956410e+02
7.893448878366314814e-01 3.682233596080211555e+02 4.277443493712938221e+02
8.051317855933640688e-01 3.614706032984764761e+02 4.277443493712938221e+02
8.209186833500967673e-01 3.547178469889316830e+02 4.277443493712956410e+02
8.367055811068293547e-01 3.479650906793869467e+02 4.277443493712938221e+02
8.524924788635619421e-01 3.412123343698422104e+02 4.277443493712920031e+02
8.682793766202946406e-01 3.344595780602975310e+02 4.277443493712920031e+02
8.840662743770272280e-01 3.277068217507527947e+02 4.277443493712956410e+02
8.998531721337598155e-01 3.209540654412080016e+02 4.277443493712938221e+02
9.156400698904925139e-01 3.142013091316633222e+02 4.277443493712938221e+02
9.314269676472251014e-01 3.074485528221185291e+02 4.277443493712956410e+02
9.472138654039576888e-01 3.006957965125737928e+02 4.277443493712938221e+02
9.630007631606903873e-01 2.939430402030290566e+02 4.277443493712956410e+02
9.787876609174229747e-01 2.871902838934842634e+02 4.277443493712938221e+02
9.945745586741556732e-01 2.804375275839395840e+02 4.277443493712920031e+02
1.010361456430888261e+00 2.736847712743948478e+02 4.277443493712956410e+02
1.026148354187620848e+00 2.669320149648500546e+02 4.277443493712956410e+02
1.041935251944353436e+00 2.601792586553053184e+02 4.277443493712947316e+02
1.057722149701086245e+00 2.534265023457605537e+02 4.277443493712956410e+02
1.073509047457818832e+00 2.466737460362157890e+02 4.277443493712947316e+02
1.089295945214551420e+00 2.399209897266710527e+02 4.277443493712947316e+02
1.105082842971284007e+00 2.331682334171262880e+02 4.277443493712956410e+02
1.120869740728016595e+00 2.264154771075815233e+02 4.277443493712947316e+02
1.136656638484749404e+00 2.196627207980367871e+02 4.277443493712938221e+02
1.152443536241481992e+00 2.129099644884920508e+02 4.277443493712938221e+02
1.168230433998214579e+00 2.061572081789473145e+02 4.277443493712938221e+02
1.184017331754947167e+00 1.994044518694025783e+02 4.277443493712947316e+02
1.199804229511679754e+00 1.926516955598578136e+02 4.277443493712947316e+02
1.215591127268412341e+00 1.858989392503130773e+02 4.277443493712929126e+02
1.231378025025145151e+00 1.791461829407683695e+02 4.277443493712938221e+02
1.247164922781877738e+00 1.723934266312236048e+02 4.277443493712947316e+02
1.262951820538610326e+00 1.656406703216788685e+02 4.277443493712947316e+02
1.278738718295342913e+00 1.588879140121341038e+02 4.277443493712956410e+02
1.294525616052075501e+00 1.521351577025893391e+02 4.277443493712947316e+02
1.310312513808808310e+00 1.453824013930446029e+02 4.277443493712938221e+02
1.326099411565540898e+00 1.386296450834998666e+02 4.277443493712938221e+02
1.341886309322273485e+00 1.318768887739551303e+02 4.277443493712947316e+02
1.357673207079006072e+00 1.251241324644103656e+02 4.287830151959885825e+02
1.373460104835738660e+00 1.183385815325099202e+02 4.287830151959881277e+02
1.389247002592471247e+00 1.115858252229651697e+02 4.410019242883246307e+02
1.405033900349204057e+00 1.044144769539856696e+02 4.575561288437900771e+02
1.420820798105936644e+00 9.713904157491857916e+01 4.510215090937469427e+02
1.436607695862669232e+00 9.017401605368519313e+01 4.533919369505136956e+02
1.452394593619401819e+00 8.282373727018912746e+01 4.857634593957895959e+02
1.468181491376134407e+00 7.483661991880904907e+01 4.800151949780885730e+02
1.483968389132867216e+00 6.766783566059480393e+01 3.811213172541556560e+02
1.499755286889599804e+00 6.280317338200381982e+01 2.950153642208585438e+02
1.515542184646332391e+00 5.835308087735494098e+01 2.611147408536121475e+02
1.531329082403064978e+00 5.455878994874039734e+01 2.308341791607465723e+02
1.547115980159797566e+00 5.106476970701492490e+01 2.000823653138031659e+02
1.562902877916530375e+00 4.824143026047192251e+01 1.706930560185654713e+02
1.578689775673262963e+00 4.567534206071626812e+01 1.208826178945544427e+02
1.594476673429995550e+00 4.442470720193690426e+01 3.410191773906610990e+01
1.610263571186728138e+00 4.459861508340598135e+01 -2.648689601824426987e+01
1.626050468943460725e+00 4.526099904060336598e+01 1.632636982089233513e+01
1.641837366700193535e+00 4.408312962120391632e+01 7.061961593276191707e+01
1.657624264456926122e+00 4.303126972790288818e+01 8.152618616077837999e+01
1.673411162213658709e+00 4.150903849037079851e+01 7.374012076719469633e+01
1.689198059970391297e+00 4.070301423366124993e+01 5.898596590365306724e+01
1.704984957727123884e+00 3.964662766476462252e+01 6.235097936849269473e+01
1.720771855483856472e+00 3.873435716101617032e+01 5.931566039478416741e+01
1.736558753240589281e+00 3.777380713271355717e+01 6.410443551080700786e+01
1.752345650997321869e+00 3.671033682269182918e+01 8.120719882391986744e+01
1.768132548754054456e+00 3.520978764282579476e+01 1.030096433807331522e+02
1.783919446510787044e+00 3.345793140667358045e+01 1.103129417603489060e+02
1.799706344267519631e+00 3.172678937719573611e+01 9.949697920426501696e+01
1.815493242024252440e+00 3.031643413107061136e+01 8.885426273968458588e+01
1.831280139780985028e+00 2.892132305495321987e+01 7.667097608697220323e+01
1.847067037537717615e+00 2.789564041028276620e+01 6.247934161329890657e+01
1.862853935294450203e+00 2.694861309903897961e+01 6.502087603756635303e+01
1.878640833051182790e+00 2.584268456616627319e+01 7.395666502206465509e+01
1.894427730807915378e+00 2.461352048077446142e+01 8.522307679794788271e+01
1.910214628564648187e+00 2.315186856631952139e+01 8.114935263503853946e+01
1.926001526321380775e+00 2.205132741462567125e+01 7.311155141019672499e+01
1.941788424078113362e+00 2.084345939242176726e+01 7.851964838116730050e+01
1.957575321834845949e+00 1.957216409284950132e+01 7.940798485286002517e+01
1.973362219591578537e+00 1.833624791654121822e+01 7.887996925385213842e+01
1.989149117348311346e+00 1.708162407351994716e+01 8.036538570915163859e+01
2.004936015105043712e+00 1.579880766179970131e+01 8.391992972013676422e+01
2.020722912861776521e+00 1.443195337303197334e+01 7.732825049020435415e+01
2.036509810618509331e+00 1.335726129340796930e+01 7.290535722485986980e+01
2.052296708375241696e+00 1.213005453217811080e+01 7.458495685605147685e+01
2.068083606131974506e+00 1.100233111725437141e+01 6.596610971458821382e+01
2.083870503888706871e+00 1.004725407323088859e+01 5.392387259432150870e+01
2.099657401645439680e+00 9.299749790667110716e+00 5.034567390945065313e+01
2.115444299402172490e+00 8.457650060226290734e+00 4.954039075397102465e+01
2.131231197158904855e+00 7.735571623344064562e+00 4.406347871643702518e+01
2.147018094915637665e+00 7.066398793621579522e+00 3.872866450133360416e+01
2.162804992672370030e+00 6.512760689869356412e+00 3.822696289553163496e+01
2.178591890429102840e+00 5.859428484057239928e+00 2.704839106773298951e+01
2.194378788185835649e+00 5.658740321328514788e+00 1.064870415346648080e+01
2.210165685942568015e+00 5.523208476632301078e+00 2.825674271232609946e+00
2.225952583699300824e+00 5.569523059700956402e+00 -3.730353650706920821e+00
2.241739481456033189e+00 5.640989899992630008e+00 -1.260281559015941966e+01
2.257526379212765999e+00 5.967441782038561904e+00 -1.914672901372672698e+01
2.273313276969498808e+00 6.245524806623770075e+00 -1.494181328590512159e+01
2.289100174726231174e+00 6.439211539328108636e+00 -1.308437915369273874e+01
2.304887072482963983e+00 6.658648318443112224e+00 -1.405638225491526683e+01
2.320673970239696349e+00 6.883024878303904970e+00 -1.000683452465706402e+01
2.336460867996429158e+00 6.974602065461718681e+00 -7.746425674909289683e+00
2.352247765753161524e+00 7.127608938523747995e+00 -1.277436776972704280e+01
2.368034663509894333e+00 7.377937341236881608e+00 -1.727884594745859204e+01
2.383821561266627143e+00 7.673167687177473439e+00 -1.530301509687003048e+01
2.399608459023359508e+00 7.861111610644927694e+00 -1.852955114757068600e+01
2.415395356780092317e+00 8.258215946067165802e+00 -1.693443898702210504e+01
2.431182254536824683e+00 8.395796124356417423e+00 -1.566449049093593171e+00
2.446969152293557492e+00 8.307674688025509013e+00 7.930735169475174651e+00
2.462756050050290302e+00 8.145392713843961019e+00 1.418028692338163665e+01
2.478542947807022667e+00 7.859949208384391817e+00 2.110838018940492589e+01
2.494329845563755477e+00 7.478921034123208855e+00 2.727013664056123332e+01
2.510116743320487842e+00 6.998927490471055002e+00 2.510392956989643665e+01
2.525903641077220652e+00 6.686294695298864887e+00 1.827370260278039993e+01
2.541690538833953461e+00 6.421957341216988802e+00 2.419896028363802998e+01
2.557477436590685826e+00 5.922241671664810525e+00 2.560658054752004276e+01
2.573264334347418636e+00 5.613460403210513761e+00 2.047623385994132761e+01
2.589051232104151001e+00 5.275729250885129673e+00 2.385355673435897117e+01
2.604838129860883811e+00 4.860313080611021519e+00 2.856711249808204656e+01
2.620625027617616620e+00 4.373757082460529411e+00 2.918185567398885638e+01
2.636411925374348986e+00 3.938931136857041437e+00 2.739256481642403784e+01
2.652198823131081795e+00 3.508869842357413837e+00 2.905185964965608747e+01
2.667985720887814161e+00 3.021653660992907664e+00 2.675453557278235905e+01
2.683772618644546970e+00 2.664127607124651576e+00 1.826375369109780422e+01
2.699559516401279780e+00 2.444997636641889294e+00 1.172445562577713929e+01
2.715346414158012145e+00 2.293942042689666838e+00 7.119209797392935357e+00
2.731133311914744954e+00 2.220217162281546308e+00 -4.390566077588604621e-01
2.746920209671477320e+00 2.307804726241880822e+00 -6.764068490891030017e+00
2.762707107428210129e+00 2.433784477652013223e+00 -4.349517570381866705e+00
2.778494005184942495e+00 2.445135504591342102e+00 -1.289880755594175277e+01
2.794280902941675304e+00 2.841048789790858731e+00 -2.506921471963697812e+01
2.810067800698408114e+00 3.236665763832313303e+00 -3.403711403902500621e+01
2.825854698455140479e+00 3.915729668327531776e+00 -4.483962458049430921e+01
2.841641596211873289e+00 4.652422901237390995e+00 -5.646886262811704427e+01
2.857428493968605654e+00 5.698665989825659750e+00 -7.618232572177308271e+01
2.873215391725338463e+00 7.057788075316858922e+00 -8.554361172129306112e+01
2.889002289482071273e+00 8.399602493797036828e+00 -7.728170442800023920e+01
2.904789187238803638e+00 9.497864807858601210e+00 -6.815999040402340370e+01
2.920576084995536448e+00 1.055167209301342623e+01 -5.033298920608152116e+01
2.936362982752268813e+00 1.108706831663287318e+01 -5.059219308374214563e+01
2.952149880509001623e+00 1.214905965201725202e+01 -7.100123766418921889e+01
2.967936778265734432e+00 1.332884687584493122e+01 -9.352461527377009531e+01
2.983723676022466798e+00 1.510198673014677873e+01 -1.350598438283789733e+02
2.999510573779199607e+00 1.759319876696272189e+01 -1.966328031860408885e+02
3.015297471535931972e+00 2.131043064918229391e+01 -2.202653279913564859e+02
3.031084369292664782e+00 2.454781119166816694e+01 -1.881064318893374434e+02
3.046871267049397591e+00 2.724966466442381474e+01 -6.750663845397053819e+01
3.062658164806129957e+00 2.667925199001526337e+01 1.011090624590689657e+02
3.078445062562862766e+00 2.405726780178298441e+01 1.180230977519942144e+02
3.094231960319595132e+00 2.295281483572807701e+01 -2.173729406227150562e+01
3.110018858076327941e+00 2.474359667952120745e+01 -1.175287074317578799e+02
3.125805755833060751e+00 2.666364221114028510e+01 -1.048839237213060755e+02
3.141592653589793116e+00 2.805518023974761377e+01 -8.814512198977662649e+01
