0.000000000000000000e+00 3.206970708228895433e+02 1.926619549321086922e+01
1.578689775673262907e-02 3.203929173644770003e+02 3.853239098642353611e+01
3.157379551346525814e-02 3.194804569892393147e+02 7.706478197284887699e+01
4.736069327019788722e-02 3.179596896971764863e+02 1.155971729592760084e+02
6.314759102693051629e-02 3.158306154882884584e+02 1.541295639457013351e+02
7.893448878366314536e-02 3.130932343625753447e+02 1.733957594389122221e+02
9.472138654039577443e-02 3.103558532368622309e+02 1.733957594389122221e+02
1.105082842971284035e-01 3.076184721111491172e+02 1.733957594389140127e+02
1.262951820538610326e-01 3.048810909854359465e+02 1.733957594389140127e+02
1.420820798105936755e-01 3.021437098597228328e+02 1.733957594389140127e+02
1.578689775673262907e-01 2.994063287340096622e+02 1.733957594389140127e+02
1.736558753240589059e-01 2.966689476082965484e+02 1.733957594389140127e+02
1.894427730807915489e-01 2.939315664825833778e+02 1.733957594389140127e+02
2.052296708375241918e-01 2.911941853568702641e+02 1.733957594389140127e+02
2.210165685942568070e-01 2.884568042311570935e+02 1.733957594389122221e+02
2.368034663509894222e-01 2.857194231054440365e+02 1.733957594389122221e+02
2.525903641077220652e-01 2.829820419797308659e+02 1.733957594389140127e+02
2.683772618644547081e-01 2.802446608540177522e+02 1.733957594389122221e+02
2.841641596211873511e-01 2.775072797283046384e+02 1.733957594389122221e+02
2.999510573779199385e-01 2.747698986025915247e+02 1.733957594389140127e+02
3.157379551346525814e-01 2.720325174768783540e+02 1.733957594389158032e+02
3.315248528913852244e-01 2.692951363511651834e+02 1.733957594389140127e+02
3.473117506481178118e-01 2.665577552254520697e+02 1.733957594389122221e+02
3.630986484048504548e-01 2.638203740997389559e+02 1.733957594389140127e+02
3.788855461615830977e-01 2.610829929740257853e+02 1.733957594389140127e+02
3.946724439183157407e-01 2.583456118483126716e+02 1.733957594389140127e+02
4.104593416750483836e-01 2.556082307225995010e+02 1.733957594389140127e+02
4.262462394317809711e-01 2.528708495968863872e+02 1.733957594389140127e+02
4.420331371885136140e-01 2.501334684711732166e+02 1.733957594389140127e+02
4.578200349452462570e-01 2.473960873454601028e+02 1.733957594389131032e+02
4.736069327019788444e-01 2.446587062197469606e+02 1.733957594389140127e+02
4.893938304587114874e-01 2.419213250940338185e+02 1.733957594389140127e+02
5.051807282154441303e-01 2.391839439683206763e+02 1.733957594389140127e+02
5.209676259721767178e-01 2.364465628426075341e+02 1.733957594389140127e+02
5.367545237289094162e-01 2.337091817168943919e+02 1.733957594389140127e+02
5.525414214856420037e-01 2.309718005911812497e+02 1.733957594389131032e+02
5.683283192423747021e-01 2.282344194654681360e+02 1.733957594389122221e+02
5.841152169991072896e-01 2.254970383397550222e+02 1.733957594389122221e+02
5.999021147558398770e-01 2.227596572140419084e+02 1.733957594389140127e+02
6.156890125125725755e-01 2.200222760883287378e+02 1.733957594389140127e+02
6.314759102693051629e-01 2.172848949626156241e+02 1.733957594389113126e+02
6.472628080260377503e-01 2.145475138369025387e+02 1.733957594389131032e+02
6.630497057827704488e-01 2.118101327111893681e+02 1.733957594389131032e+02
6.788366035395030362e-01 2.090727515854762828e+02 1.733957594389122221e+02
6.946235012962356237e-01 2.063353704597631406e+02 1.733957594389140127e+02
7.104103990529683221e-01 2.035979893340499984e+02 1.733957594389140127e+02
7.261972968097009096e-01 2.008606082083368563e+02 1.733957594389140127e+02
7.419841945664336080e-01 1.981232270826237141e+02 1.733957594389140127e+02
7.577710923231661955e-01 1.953858459569105719e+02 1.733957594389140127e+02
7.735579900798987829e-01 1.926484648311974297e+02 1.733957594389131032e+02
7.893448878366314814e-01 1.899110837054843159e+02 1.733957594389131032e+02
8.051317855933640688e-01 1.871737025797711738e+02 1.733957594389131032e+02
8.209186833500967673e-01 1.844363214540580600e+02 1.733957594389140127e+02
8.367055811068293547e-01 1.816989403283448894e+02 1.733957594389140127e+02
8.524924788635619421e-01 1.789615592026317756e+02 1.733957594389131032e+02
8.682793766202946406e-01 1.762241780769186335e+02 1.733957594389140127e+02
8.840662743770272280e-01 1.734867969512054913e+02 1.733957594389131032e+02
8.998531721337598155e-01 1.707494158254923775e+02 1.733957594389140127e+02
9.156400698904925139e-01 1.680120346997792069e+02 1.733957594389140127e+02
9.314269676472251014e-01 1.652746535740660931e+02 1.733957594389131032e+02
9.472138654039576888e-01 1.625372724483529510e+02 1.733957594389140127e+02
9.630007631606903873e-01 1.597998913226398088e+02 1.733957594389140127e+02
9.787876609174229747e-01 1.570625101969266666e+02 1.733957594389140127e+02
9.945745586741556732e-01 1.543251290712135244e+02 1.733957594389140127e+02
1.010361456430888261e+00 1.515877479455003822e+02 1.733957594389140127e+02
1.026148354187620848e+00 1.488503668197872400e+02 1.733957594389140127e+02
1.041935251944353436e+00 1.461129856940740979e+02 1.733957594389140127e+02
1.057722149701086245e+00 1.433756045683609557e+02 1.733957594389122221e+02
1.073509047457818832e+00 1.406382234426478703e+02 1.733957594389131032e+02
1.089295945214551420e+00 1.379008423169346997e+02 1.733957594389140127e+02
1.105082842971284007e+00 1.351634611912215860e+02 1.733957594389131032e+02
1.120869740728016595e+00 1.324260800655084438e+02 1.733957594389131032e+02
1.136656638484749404e+00 1.296886989397953300e+02 1.733957594389126484e+02
1.152443536241481992e+00 1.269513178140822021e+02 1.733957594389135579e+02
1.168230433998214579e+00 1.242139366883690599e+02 1.733957594389140127e+02
1.184017331754947167e+00 1.214765555626559177e+02 1.733957594389135579e+02
1.199804229511679754e+00 1.187391744369427897e+02 1.733957594389135579e+02
1.215591127268412341e+00 1.160017933112296475e+02 1.733957594389140127e+02
1.231378025025145151e+00 1.132644121855165054e+02 1.733957594389140127e+02
1.247164922781877738e+00 1.105270310598033632e+02 1.733957594389135579e+02
1.262951820538610326e+00 1.077896499340902352e+02 1.733957594389135579e+02
1.278738718295342913e+00 1.050522688083770930e+02 1.733957594389135579e+02
1.294525616052075501e+00 1.023148876826639651e+02 1.733957594389135579e+02
1.310312513808808310e+00 9.957750655695082287e+01 1.733957594389131032e+02
1.326099411565540898e+00 9.684012543123770911e+01 1.733957594389122221e+02
1.341886309322273485e+00 9.410274430552459535e+01 1.733957594389131032e+02
1.357673207079006072e+00 9.136536317981145316e+01 1.714225951767842560e+02
1.373460104835738660e+00 8.869028233902527347e+01 1.714225951767842560e+02
1.389247002592471247e+00 8.595290121331213129e+01 1.607707698554115154e+02
1.405033900349204057e+00 8.361413892706812589e+01 1.435630890324015354e+02
1.420820798105936644e+00 8.142006959692167811e+01 1.601661021169796868e+02
1.436607695862669232e+00 7.855708717063781421e+01 1.983850673941963692e+02
1.452394593619401819e+00 7.515630004609229786e+01 2.151315530548784807e+02
1.468181491376134407e+00 7.176456750598887879e+01 2.125258681088827473e+02
1.483968389132867216e+00 6.844605174510074619e+01 2.080240741660648496e+02
1.499755286889599804e+00 6.519645792639161641e+01 2.151819020206173718e+02
1.515542184646332391e+00 6.165194237250325671e+01 1.890926731402380199e+02
1.531329082403064978e+00 5.922608453156721708e+01 1.670746874973653462e+02
1.547115980159797566e+00 5.637676035398533259e+01 1.767336473915705994e+02
1.562902877916530375e+00 5.364593248847689466e+01 1.472125585923970448e+02
1.578689775673262963e+00 5.172870113197496522e+01 1.055725761285514324e+02
1.594476673429995550e+00 5.031260555796426814e+01 8.690667587425134855e+01
1.610263571186728138e+00 4.898472751916634849e+01 8.396357870948465063e+01
1.626050468943460725e+00 4.766155669321225474e+01 7.642107507983766368e+01
1.641837366700193535e+00 4.657182412167637864e+01 4.814106647263390215e+01
1.657624264456926122e+00 4.614156050460517378e+01 5.865361946269239724e+01
1.673411162213658709e+00 4.471990673463672294e+01 7.190204194371011681e+01
1.689198059970391297e+00 4.387134013527386855e+01 6.854473451691836772e+01
1.704984957727123884e+00 4.255568930347477874e+01 8.363273819666321174e+01
1.720771855483856472e+00 4.123073716122124921e+01 8.049615788914043435e+01
1.736558753240589281e+00 4.001412007466344534e+01 8.166501776613813490e+01
1.752345650997321869e+00 3.865226258966969652e+01 7.595576346113770683e+01
1.768132548754054456e+00 3.761590833107234744e+01 8.511745456874639615e+01
1.783919446510787044e+00 3.596478148448942846e+01 1.131751747257536636e+02
1.799706344267519631e+00 3.404253850708069962e+01 1.097715065362595510e+02
1.815493242024252440e+00 3.249887838390855421e+01 1.085568440658210534e+02
1.831280139780985028e+00 3.061498691095933111e+01 1.076840445389126302e+02
1.847067037537717615e+00 2.909888438157404167e+01 9.476335649186529508e+01
1.862853935294450203e+00 2.762294807091556592e+01 8.945253122289337000e+01
1.878640833051182790e+00 2.627452845258054026e+01 8.573269580896266007e+01
1.894427730807915378e+00 2.491604146462525904e+01 9.545501531466632628e+01
1.910214628564648187e+00 2.326065131830057098e+01 9.050485460377977631e+01
1.926001526321380775e+00 2.205845969238961146e+01 7.789325944989846562e+01
1.941788424078113362e+00 2.080126547255218128e+01 9.134471430385701751e+01
1.957575321834845949e+00 1.917436036172372482e+01 1.012384323616817738e+02
1.973362219591578537e+00 1.760478391106065743e+01 9.437394781963701007e+01
1.989149117348311346e+00 1.619461663146806529e+01 8.335951812034195996e+01
2.004936015105043712e+00 1.497280753182797852e+01 8.094459205435798310e+01
2.020722912861776521e+00 1.363888863402290141e+01 7.206801621156509441e+01
2.036509810618509331e+00 1.269734672490292304e+01 6.368492869776691379e+01
2.052296708375241696e+00 1.162811371802999361e+01 6.413632356421797454e+01
2.068083606131974506e+00 1.067231955970086155e+01 5.812527491204150465e+01
2.083870503888706871e+00 9.792878173793242880e+00 5.005813566702483541e+01
2.099657401645439680e+00 9.091794220364917578e+00 4.708395050305520613e+01
2.115444299402172490e+00 8.306259148643658108e+00 4.747433110619687113e+01
2.131231197158904855e+00 7.592849397879314566e+00 4.560534513587963801e+01
2.147018094915637665e+00 6.866325307002386857e+00 3.856564917991070729e+01
2.162804992672370030e+00 6.375185476828774789e+00 3.280109443482274401e+01
2.178591890429102840e+00 5.830670258699430342e+00 2.018174290832229190e+01
2.194378788185835649e+00 5.737971253136079142e+00 5.350850664376932464e+00
2.210165685942568015e+00 5.661723593999303361e+00 2.034118453022928374e+00
2.225952583699300824e+00 5.673746413050166915e+00 -4.352259750093725010e+00
2.241739481456033189e+00 5.799140953370248042e+00 -1.501185058811564232e+01
2.257526379212765999e+00 6.147727513798023402e+00 -1.896671038659291497e+01
2.273313276969498808e+00 6.397991988679650355e+00 -1.536363354126578962e+01
2.289100174726231174e+00 6.632815737573765524e+00 -1.594964451383239279e+01
2.304887072482963983e+00 6.901582803071857342e+00 -1.660790091397174706e+01
2.320673970239696349e+00 7.157190204939402278e+00 -1.278509756201136938e+01
2.336460867996429158e+00 7.305256859114507506e+00 -1.109874242260168309e+01
2.352247765753161524e+00 7.507619628647249854e+00 -1.520485061598543020e+01
2.368034663509894333e+00 7.785331703276417770e+00 -1.425191862254974673e+01
2.383821561266627143e+00 7.957606792910183025e+00 -6.799688456275823079e+00
2.399608459023359508e+00 8.000023676150140872e+00 -1.061025570425598552e+01
2.415395356780092317e+00 8.292612836861939840e+00 -1.278013677712175244e+01
2.431182254536824683e+00 8.403541101385100021e+00 1.498014689345370520e+00
2.446969152293557492e+00 8.245314827384381928e+00 1.145798742769295586e+01
2.462756050050290302e+00 8.041768949347266826e+00 1.466934331371950329e+01
2.478542947807022667e+00 7.782147981280183480e+00 2.129013997145191084e+01
2.494329845563755477e+00 7.369558423435591088e+00 2.620202017399137162e+01
2.510116743320487842e+00 6.954850754266888480e+00 2.121845276824500814e+01
2.525903641077220652e+00 6.699611334618902347e+00 1.414289253751303299e+01
2.541690538833953461e+00 6.508305957318538226e+00 2.021185065839626915e+01
2.557477436590685826e+00 6.061446494982000388e+00 2.552587510697564355e+01
2.573264334347418636e+00 5.702357196388636140e+00 2.172540338139744520e+01
2.589051232104151001e+00 5.375493051170210812e+00 2.162607754882747102e+01
2.604838129860883811e+00 5.019539846103615588e+00 2.794138760677424926e+01
2.620625027617616620e+00 4.493277392511448198e+00 2.974679744350544297e+01
2.636411925374348986e+00 4.080320546441903673e+00 2.749452384694761520e+01
2.652198823131081795e+00 3.625170918827830047e+00 2.789351963553130176e+01
2.667985720887814161e+00 3.199616261318810384e+00 2.531017312195092828e+01
2.683772618644546970e+00 2.826032688264946913e+00 1.953702058099428385e+01
2.699559516401279780e+00 2.582758368552134698e+00 1.442660609309979947e+01
2.715346414158012145e+00 2.370529977528101906e+00 9.394982253559710728e+00
2.731133311914744954e+00 2.286123120025605360e+00 4.055310896346424165e+00
2.746920209671477320e+00 2.242488420543332417e+00 -5.868795092034393424e-01
2.762707107428210129e+00 2.304653133640237606e+00 -2.377757008473695421e+00
2.778494005184942495e+00 2.317563234109589754e+00 -1.407897010401632798e+01
2.794280902941675304e+00 2.749179656744639821e+00 -2.433269733199991691e+01
2.810067800698408114e+00 3.085838843961196787e+00 -3.163392579422714945e+01
2.825854698455140479e+00 3.747982761059701851e+00 -4.439722893380925228e+01
2.841641596211873289e+00 4.487627871681793224e+00 -5.672697748580031174e+01
2.857428493968605654e+00 5.539068748293308531e+00 -7.398778756437398840e+01
2.873215391725338463e+00 6.823703146733045344e+00 -8.230629483278646319e+01
2.889002289482071273e+00 8.137790870814690436e+00 -7.378576947723438195e+01
2.904789187238803638e+00 9.153399944010930156e+00 -6.354039240537719024e+01
2.920576084995536448e+00 1.014400222746741065e+01 -4.298586325467357483e+01
2.936362982752268813e+00 1.051062680038377373e+01 -4.618579441000922969e+01
2.952149880509001623e+00 1.160226305579598893e+01 -6.299252664520766132e+01
2.967936778265734432e+00 1.249953995555607200e+01 -7.407864883212424445e+01
2.983723676022466798e+00 1.394120716593528186e+01 -1.144184611660746782e+02
2.999510573779199607e+00 1.611216505137907973e+01 -1.659622278345270274e+02
3.015297471535931972e+00 1.918126461054177057e+01 -1.981286319365398754e+02
3.031084369292664782e+00 2.236783796150601233e+01 -1.624568586367853413e+02
3.046871267049397591e+00 2.431064424489956366e+01 -3.064228714870937509e+01
3.062658164806129957e+00 2.333533127000424656e+01 1.724406924973348509e+02
3.078445062562862766e+00 1.886603708178837024e+01 1.902422016851586477e+02
3.094231960319595132e+00 1.732866289596563192e+01 8.887763633412593123e+00
3.110018858076327941e+00 1.858541665025498801e+01 -1.082420168798753934e+02
3.125805755833060751e+00 2.074627420289587221e+01 -1.024688985573284299e+02
3.141592653589793116e+00 2.182074869979409115e+01 -6.806115510819650183e+01
