1.000000000000000021e-03 1.539321958915162440e+02 1.052474098367213173e+01
4.100000000000000172e-02 1.535112062521693588e+02 2.090966539151430936e+01
8.100000000000000255e-02 1.522594226601950993e+02 4.127102704329850269e+01
1.209999999999999964e-01 1.502095240887054786e+02 6.057832349234573144e+01
1.610000000000000042e-01 1.474131567808074408e+02 7.840587292770315742e+01
2.010000000000000120e-01 1.439370542544892260e+02 9.443645739742478895e+01
2.409999999999999920e-01 1.398582401890134577e+02 1.084779195362781223e+02
2.810000000000000275e-01 1.352588206915869762e+02 1.204671756463259413e+02
3.210000000000000075e-01 1.302208661373073824e+02 1.304628205603714548e+02
3.609999999999999876e-01 1.248217950467572592e+02 1.386287906978706701e+02
4.010000000000000231e-01 1.191305628814777293e+02 1.452126661919871538e+02
4.410000000000000031e-01 1.132047817513982864e+02 1.505212062055029776e+02
4.809999999999999831e-01 1.070888663850374911e+02 1.548936343367216750e+02
5.210000000000000187e-01 1.008132910044605524e+02 1.586730646599121997e+02
5.610000000000000542e-01 9.439502121224451514e+01 1.622122128681095035e+02
6.009999999999999787e-01 8.783631397501179094e+01 1.658440981933351281e+02
6.410000000000000142e-01 8.112749335677770546e+01 1.698649807128317661e+02
6.810000000000000497e-01 7.424711551798525022e+01 1.744124262109227743e+02
7.209999999999999742e-01 6.717449925990388238e+01 1.799367441791395663e+02
7.610000000000000098e-01 5.985217598365408520e+01 1.860417510957728382e+02
8.010000000000000453e-01 5.229115917224205390e+01 1.940165767735066140e+02
8.409999999999999698e-01 4.433084984177355636e+01 1.999956883980231339e+02
8.810000000000000053e-01 3.629150410040020347e+01 1.983415596825857392e+02
9.210000000000000409e-01 2.846352506716669595e+01 1.875934203471373110e+02
9.609999999999999654e-01 2.128403047262921888e+01 1.676044323751415277e+02
1.000999999999999890e+00 1.505517047715537338e+01 1.356015204171313258e+02
1.040999999999999925e+00 1.043590883925871182e+01 9.874498189625244038e+01
1.080999999999999961e+00 7.155571925455177507e+00 6.777999675336853613e+01
1.120999999999999996e+00 5.013509098989228363e+00 4.382668495088991278e+01
1.160999999999999810e+00 3.649437129383984679e+00 2.754089359515497293e+01
1.200999999999999845e+00 2.810237611376830369e+00 1.959523451700189511e+01
1.240999999999999881e+00 2.081818368023832910e+00 1.639864315361401381e+01
1.280999999999999917e+00 1.498346159087709184e+00 1.320925555131789686e+01
1.320999999999999952e+00 1.025077923918401135e+00 1.045958684572697095e+01
1.360999999999999988e+00 6.615792114295515614e-01 8.271414308752303768e+00
1.401000000000000023e+00 3.633647792182168601e-01 7.397921252358665711e+00
1.440999999999999837e+00 6.974551124085831555e-02 7.653744781983586876e+00
1.480999999999999872e+00 -2.489348033404701621e-01 8.200863776785974224e+00
1.520999999999999908e+00 -5.863235909020196868e-01 8.275360962657615005e+00
1.560999999999999943e+00 -9.109636803530792859e-01 7.512054558551348293e+00
1.600999999999999979e+00 -1.187287955586127541e+00 6.017521259881207563e+00
1.641000000000000014e+00 -1.392365381143575886e+00 4.346350420074296395e+00
1.680999999999999828e+00 -1.534995989192071253e+00 2.862982105981884295e+00
1.720999999999999863e+00 -1.621403949622126639e+00 1.677338839597744435e+00
1.760999999999999899e+00 -1.669183096359890817e+00 9.068353896292541405e-01
1.800999999999999934e+00 -1.693950780792466970e+00 3.775527261165811943e-01
1.840999999999999970e+00 -1.699387314449217312e+00 -1.286569313890678634e-01
1.881000000000000005e+00 -1.683658226281341541e+00 -5.807505707395604899e-01
1.920999999999999819e+00 -1.652927268790052473e+00 -9.178039039817453837e-01
1.960999999999999854e+00 -1.610233913962801910e+00 -1.246700473241707519e+00
2.000999999999999890e+00 -1.553191230930715871e+00 -1.550491289650735016e+00
2.040999999999999925e+00 -1.486194610790743109e+00 -1.806553081074807610e+00
2.080999999999999961e+00 -1.408666984444731263e+00 -2.005854379383581243e+00
2.120999999999999996e+00 -1.325726260440056592e+00 -2.111581524718730840e+00
2.161000000000000032e+00 -1.239740462467232796e+00 -2.115037508959771717e+00
2.201000000000000068e+00 -1.156523259723274855e+00 -2.032418320866485661e+00
2.241000000000000103e+00 -1.077146996797913925e+00 -1.933275135507350750e+00
2.281000000000000139e+00 -1.001861248882686795e+00 -1.853187243761107661e+00
2.320999999999999730e+00 -9.288920172970253075e-01 -1.788029315890198090e+00
2.360999999999999766e+00 -8.588189036114709518e-01 -1.710131032399764273e+00
2.400999999999999801e+00 -7.920815347050441657e-01 -1.683834335076063393e+00
2.440999999999999837e+00 -7.241121568053858759e-01 -1.712579430324695506e+00
2.480999999999999872e+00 -6.550751802790685252e-01 -1.738848381867270865e+00
2.520999999999999908e+00 -5.850042862560042023e-01 -1.728056273822565991e+00
2.560999999999999943e+00 -5.168306783732632415e-01 -1.661157614864070542e+00
2.600999999999999979e+00 -4.521116770668785478e-01 -1.482817728118398293e+00
2.641000000000000014e+00 -3.982052601237913714e-01 -1.198565874634272665e+00
2.681000000000000050e+00 -3.562264070961367324e-01 -9.076841526292255269e-01
2.721000000000000085e+00 -3.255905279134533314e-01 -6.695632077078267352e-01
2.761000000000000121e+00 -3.026613504795105936e-01 -5.141474957636282817e-01
2.801000000000000156e+00 -2.844587282523630689e-01 -4.571455176831218381e-01
2.840999999999999748e+00 -2.660897090648608465e-01 -4.787049568572756542e-01
2.880999999999999783e+00 -2.461623317037810177e-01 -5.186432999776443564e-01
2.920999999999999819e+00 -2.245982450666492991e-01 -5.414429335821535627e-01
2.960999999999999854e+00 -2.028468970172087327e-01 -5.293081004581781102e-01
3.000999999999999890e+00 -1.822535970299950514e-01 -4.769063665797820262e-01
3.040999999999999925e+00 -1.646943876908261717e-01 -3.931103757128552312e-01
3.080999999999999961e+00 -1.508047669729666307e-01 -2.889493762306023505e-01
3.120999999999999996e+00 -1.415784375923779814e-01 -1.904123856461832631e-01
3.161000000000000032e+00 -1.355717761212719696e-01 -1.319581461102094233e-01
3.201000000000000068e+00 -1.310217859035612276e-01 -1.155552929501750536e-01
3.241000000000000103e+00 -1.263273526852579653e-01 -1.234464051871178580e-01
3.281000000000000139e+00 -1.211460734885917989e-01 -1.501316299706165203e-01
3.321000000000000174e+00 -1.143168222876086437e-01 -1.874153148888751952e-01
3.360999999999999766e+00 -1.061528482974817833e-01 -2.110377599254493197e-01
3.400999999999999801e+00 -9.743380149357269704e-02 -2.173443245967862925e-01
3.440999999999999837e+00 -8.876530232973887935e-02 -2.192845403870409826e-01
3.480999999999999872e+00 -7.989103826260941787e-02 -2.224470536614649441e-01
3.520999999999999908e+00 -7.096953803682168327e-02 -2.236296375508189105e-01
3.560999999999999943e+00 -6.200066725854390393e-02 -2.256301822424090220e-01
3.600999999999999979e+00 -5.291912345742896123e-02 -2.299643925907460529e-01
3.641000000000000014e+00 -4.360351585128421914e-02 -2.293398582427490229e-01
3.681000000000000050e+00 -3.457193479800903940e-02 -2.165938474672408909e-01
3.721000000000000085e+00 -2.627600805390494648e-02 -1.944950017211292959e-01
3.761000000000000121e+00 -1.901233466031869435e-02 -1.669259451899240410e-01
3.801000000000000156e+00 -1.292193243871102293e-02 -1.335397150215091311e-01
3.840999999999999748e+00 -8.329157458597963651e-03 -9.840820578256424811e-02
3.880999999999999783e+00 -5.049275976105882524e-03 -7.000788463687288021e-02
3.920999999999999819e+00 -2.728526687648132661e-03 -4.918038563767661298e-02
3.960999999999999854e+00 -1.114845125091753738e-03 -3.410658359560165415e-02
4.001000000000000334e+00 5.421010862427522170e-20 -2.787112812729384409e-02
