0.000000000000000000e+00 7.564643704984014221e+02 1.057790370351988258e+02
3.173325912716962877e-02 7.531076569059409849e+02 2.115580740703940705e+02
6.346651825433925753e-02 7.430375161285599006e+02 4.231161481407881411e+02
9.519977738150889324e-02 7.262539481662579419e+02 6.346742222111821548e+02
1.269330365086785151e-01 7.027569530190353362e+02 7.404532592463809806e+02
1.586662956358481369e-01 6.792599578718125031e+02 7.404532592463809806e+02
1.903995547630177865e-01 6.557629627245898973e+02 7.404532592463791616e+02
2.221328138901874083e-01 6.322659675773671779e+02 7.404532592463774563e+02
2.538660730173570301e-01 6.087689724301446859e+02 7.404532592463791616e+02
2.855993321445266520e-01 5.852719772829218527e+02 7.404532592463809806e+02
3.173325912716962738e-01 5.617749821356992470e+02 7.404532592463791616e+02
3.490658503988658956e-01 5.382779869884765276e+02 7.404532592463791616e+02
3.807991095260355729e-01 5.147809918412539218e+02 7.404532592463791616e+02
4.125323686532051948e-01 4.912839966940312024e+02 7.404532592463809806e+02
4.442656277803748166e-01 4.677870015468084830e+02 7.404532592463791616e+02
4.759988869075444384e-01 4.442900063995858773e+02 7.404532592463791616e+02
5.077321460347140603e-01 4.207930112523631578e+02 7.404532592463791616e+02
5.394654051618836821e-01 3.972960161051405521e+02 7.404532592463783658e+02
5.711986642890533039e-01 3.737990209579178895e+02 7.404532592463791616e+02
6.029319234162229257e-01 3.503020258106952269e+02 7.404532592463791616e+02
6.346651825433925476e-01 3.268050306634725644e+02 7.404532592463791616e+02
6.663984416705621694e-01 3.033080355162499018e+02 7.404532592463800711e+02
6.981317007977317912e-01 2.798110403690271824e+02 7.404532592463800711e+02
7.298649599249014130e-01 2.563140452218045198e+02 7.404532592463788205e+02
7.615982190520711459e-01 2.328170500745818856e+02 7.404532592463788205e+02
7.933314781792407677e-01 2.093200549273592230e+02 7.404532592463800711e+02
8.250647373064103896e-01 1.858230597801365036e+02 7.404532592463805258e+02
8.567979964335800114e-01 1.623260646329138126e+02 7.235198963256209481e+02
8.885312555607496332e-01 1.399037710726088335e+02 7.235198963256202660e+02
9.202645146879192550e-01 1.164067759253861851e+02 7.061426347724918742e+02
9.519977738150888769e-01 9.508735665265325565e+01 6.165802807564319892e+02
9.837310329422584987e-01 7.727457228149246760e+01 5.179501026718038474e+02
1.015464292069428121e+00 6.221486700659632163e+01 4.232786431830746778e+02
1.047197551196597853e+00 5.041055054724190398e+01 3.418437720505623361e+02
1.078930810323767364e+00 4.051923300761711744e+01 2.687291898212825458e+02
1.110664069450937097e+00 3.335524451597567719e+01 1.663385053571444416e+02
1.142397328578106608e+00 2.996230722096840182e+01 8.837781432836385420e+01
1.174130587705276341e+00 2.774621234962596716e+01 7.527043515019728659e+01
1.205863846832445851e+00 2.518515477449634687e+01 6.558081177114053162e+01
1.237597105959615584e+00 2.358402656221849014e+01 5.237884694850934864e+01
1.269330365086785095e+00 2.186085172849753633e+01 2.613547905283564177e+01
1.301063624213954828e+00 2.192529870382579560e+01 8.956130160721771816e+00
1.332796883341124339e+00 2.129243733016384965e+01 -4.088245307706988463e+00
1.364530142468294072e+00 2.218476539927559799e+01 -2.937746866699735548e+01
1.396263401595463582e+00 2.315692298158411688e+01 -4.049816964144015685e+01
1.427996660722633315e+00 2.475504322209138763e+01 -3.617754849303675257e+01
1.459729919849802826e+00 2.545298602341467742e+01 -2.944764377553414647e+01
1.491463178976972559e+00 2.662398264331860531e+01 -3.021887925639565964e+01
1.523196438104142292e+00 2.737087307536638647e+01 -3.507703097106268331e+01
1.554929697231311803e+00 2.885019966975157857e+01 -2.538019179714877183e+01
1.586662956358481535e+00 2.898166548135876042e+01 -3.607803640559482883e+00
1.618396215485651046e+00 2.907917440536321863e+01 1.208228169757535753e+01
1.650129474612820779e+00 2.821484512944552492e+01 1.802117362014913837e+01
1.681862733739990290e+00 2.793543326083540634e+01 1.801532925753340209e+01
1.713595992867160023e+00 2.707147490626434916e+01 2.720991693374264742e+01
1.745329251994329534e+00 2.620851457106097371e+01 4.558285216540866003e+01
1.777062511121499266e+00 2.417848998722359255e+01 5.678924788874378748e+01
1.808795770248668777e+00 2.260429873327981909e+01 4.969164625567801608e+01
1.840529029375838510e+00 2.102473421304943457e+01 4.896691203965846029e+01
1.872262288503008021e+00 1.949653931645621086e+01 4.990681406484153371e+01
1.903995547630177754e+00 1.785732248718725401e+01 4.923694824960313809e+01
1.935728806757347265e+00 1.637164164158481583e+01 4.769509523234267334e+01
1.967462065884516997e+00 1.483028085498132853e+01 4.071758746309163968e+01
1.999195325011686508e+00 1.378743813358585513e+01 3.579941474147125291e+01
2.030928584138856241e+00 1.255821664579708141e+01 3.823176634625369985e+01
2.062661843266025752e+00 1.136100103687571128e+01 2.902884221696988121e+01
2.094395102393195707e+00 1.071585710133142832e+01 2.016697689745372557e+01
2.126128361520365218e+00 1.008107322947862627e+01 1.858914715427552267e+01
2.157861620647534728e+00 9.536068654132002109e+00 1.489479088599110668e+01
2.189594879774704239e+00 9.135752711818305727e+00 7.135503484022986953e+00
2.221328138901874194e+00 9.083203092009355828e+00 -2.854125521852250991e+00
2.253061398029043705e+00 9.316894121351117164e+00 -5.510375907943441121e+00
2.284794657156213216e+00 9.432927465159119507e+00 -1.549003283884035964e+00
2.316527916283382726e+00 9.415203966543774783e+00 3.237687067127396290e+00
2.348261175410552681e+00 9.227442739811440475e+00 -1.074610007421866742e+00
2.379994434537722192e+00 9.483405722196110332e+00 -3.223513621590811784e+00
2.411727693664891703e+00 9.432027925919244993e+00 8.684792900646458591e-01
2.443460952792061214e+00 9.428286365479706888e+00 7.167341987815493809e+00
2.475194211919231169e+00 8.977141684814460731e+00 9.515012620841186930e+00
2.506927471046400679e+00 8.824401643288821262e+00 4.151709854095583019e+00
2.538660730173570190e+00 8.713647115572783264e+00 5.088294838354949334e+00
2.570393989300740145e+00 8.501465286046906655e+00 1.296743697616361857e+01
2.602127248427909656e+00 7.890649040013101079e+00 1.388253129290948351e+01
2.633860507555079167e+00 7.620389360329030914e+00 1.095545045642323423e+01
2.665593766682248678e+00 7.195344743636006513e+00 8.157187941806881781e+00
2.697327025809418632e+00 7.102681042916268339e+00 3.646127083008557701e+00
2.729060284936588143e+00 6.963937752564603123e+00 3.333528696638821565e+00
2.760793544063757654e+00 6.891113583039676804e+00 -7.171651833221095451e+00
2.792526803190927165e+00 7.419097524551495404e+00 -1.694143617629298859e+01
2.824260062318097120e+00 7.966327551377099248e+00 -2.038989494222161625e+01
2.855993321445266631e+00 8.713173164106063240e+00 -2.296634924527302601e+01
2.887726580572436141e+00 9.423921774987750410e+00 -1.963631762436830286e+01
2.919459839699605652e+00 9.959421875061037710e+00 -2.594459601928721426e+01
2.951193098826775607e+00 1.107053495184729996e+01 -1.968491012814248009e+01
2.982926357953945118e+00 1.120875458304382022e+01 1.731898267684685577e-01
3.014659617081114629e+00 1.105954319654523310e+01 2.764310032169454345e+01
3.046392876208284584e+00 9.454343251870461984e+00 3.103742746823293430e+01
3.078126135335454094e+00 9.089705739564896803e+00 1.147028962186982781e+01
3.109859394462623605e+00 8.726363906201502374e+00 -6.572732563031709496e+00
3.141592653589793116e+00 9.506854190757438872e+00 -2.459533959081089804e+01
