0.000000000000000000e+00 9.783655310299126313e+02 9.853205555047684072e+01
3.173325912716962877e-02 9.752387877787966772e+02 1.970641111009536814e+02
6.346651825433925753e-02 9.658585580254488150e+02 3.941282222019073629e+02
9.519977738150889324e-02 9.502248417698690446e+02 5.911923333028628349e+02
1.269330365086785151e-01 9.283376390120572523e+02 6.897243888533396330e+02
1.586662956358481369e-01 9.064504362542455738e+02 6.897243888533379277e+02
1.903995547630177865e-01 8.845632334964338952e+02 6.897243888533379277e+02
2.221328138901874083e-01 8.626760307386222166e+02 6.897243888533361087e+02
2.538660730173570301e-01 8.407888279808106518e+02 6.897243888533379277e+02
2.855993321445266520e-01 8.189016252229988595e+02 6.897243888533396330e+02
3.173325912716962738e-01 7.970144224651871809e+02 6.897243888533379277e+02
3.490658503988658956e-01 7.751272197073755024e+02 6.897243888533379277e+02
3.807991095260355729e-01 7.532400169495638238e+02 6.897243888533379277e+02
4.125323686532051948e-01 7.313528141917521452e+02 6.897243888533396330e+02
4.442656277803748166e-01 7.094656114339403530e+02 6.897243888533396330e+02
4.759988869075444384e-01 6.875784086761286744e+02 6.897243888533379277e+02
5.077321460347140603e-01 6.656912059183169958e+02 6.897243888533396330e+02
5.394654051618836821e-01 6.438040031605052036e+02 6.897243888533396330e+02
5.711986642890533039e-01 6.219168004026935250e+02 6.897243888533379277e+02
6.029319234162229257e-01 6.000295976448818465e+02 6.897243888533396330e+02
6.346651825433925476e-01 5.781423948870700542e+02 6.897243888533396330e+02
6.663984416705621694e-01 5.562551921292583756e+02 6.897243888533379277e+02
6.981317007977317912e-01 5.343679893714466971e+02 6.897243888533379277e+02
7.298649599249014130e-01 5.124807866136350185e+02 6.897243888533379277e+02
7.615982190520711459e-01 4.905935838558233399e+02 6.897243888533379277e+02
7.933314781792407677e-01 4.687063810980116614e+02 6.897243888533379277e+02
8.250647373064103896e-01 4.468191783401999828e+02 6.897243888533387235e+02
8.567979964335800114e-01 4.249319755823882474e+02 6.897243888533379277e+02
8.885312555607496332e-01 4.030447728245766257e+02 6.897243888533379277e+02
9.202645146879192550e-01 3.811575700667648903e+02 6.897243888533396330e+02
9.519977738150888769e-01 3.592703673089531549e+02 6.897243888533379277e+02
9.837310329422584987e-01 3.373831645511415331e+02 6.897243888533387235e+02
1.015464292069428121e+00 3.154959617933297409e+02 6.897243888533405425e+02
1.047197551196597853e+00 2.936087590355180055e+02 6.897243888533387235e+02
1.078930810323767364e+00 2.717215562777063269e+02 6.897243888533379277e+02
1.110664069450937097e+00 2.498343535198946483e+02 6.897243888533387235e+02
1.142397328578106608e+00 2.279471507620829129e+02 6.897243888533383824e+02
1.174130587705276341e+00 2.060599480042712628e+02 6.897243888533383824e+02
1.205863846832445851e+00 1.841727452464595274e+02 6.897243888533387235e+02
1.237597105959615584e+00 1.622855424886478488e+02 6.897243888533379277e+02
1.269330365086785095e+00 1.403983397308361702e+02 6.554111411211813447e+02
1.301063624213954828e+00 1.206888793365830708e+02 6.554111411211817995e+02
1.332796883341124339e+00 9.880167657877136378e+01 6.455605829617812788e+02
1.364530142468294072e+00 7.971739681375728992e+01 5.572329711786669577e+02
1.396263401595463582e+00 6.343604004154079945e+01 3.857926464503590296e+02
1.427996660722633315e+00 5.523248077542572787e+01 2.337773067271909611e+02
1.459729919849802826e+00 4.859900833668926623e+01 1.680289627264810974e+02
1.491463178976972559e+00 4.456826754528782430e+01 1.405824453228508446e+02
1.523196438104142292e+00 3.967673000436690245e+01 4.863117876340534451e+01
1.554929697231311803e+00 4.148181595057012316e+01 -4.342272164377997967e+01
1.586662956358481535e+00 4.243261896022495705e+01 -4.199270915457042008e+01
1.618396215485651046e+00 4.414694699267782596e+01 3.849905570611097261e+01
1.650129474612820779e+00 3.998921793847824091e+01 1.132425690395770772e+02
1.681862733739990290e+00 3.695983541755923341e+01 9.131850529333988220e+01
1.713595992867160023e+00 3.419355035531950904e+01 6.215206019613179933e+01
1.745329251994329534e+00 3.301526055457664199e+01 6.531969078373037974e+01
1.777062511121499266e+00 3.004793700782608923e+01 8.328790230159277996e+01
1.808795770248668777e+00 2.772926738278697911e+01 8.429620500166261365e+01
1.840529029375838510e+00 2.469795037431654450e+01 9.181319947309215479e+01
1.872262288503008021e+00 2.190220328243868408e+01 7.913424822472858011e+01
1.903995547630177754e+00 1.967557516481839386e+01 7.197189392033416766e+01
1.935728806757347265e+00 1.733439776314442682e+01 7.430551995663316234e+01
1.967462065884516997e+00 1.495966252609256486e+01 7.159430345317909428e+01
1.999195325011686508e+00 1.279055659612653173e+01 6.698665160758888248e+01
2.030928584138856241e+00 1.070825297904246121e+01 5.933093633445291459e+01
2.062661843266025752e+00 9.025028642208935636e+00 4.455985097579123533e+01
2.094395102393195707e+00 7.880194383676769831e+00 3.598392068411919098e+01
2.126128361520365218e+00 6.741254483247589135e+00 3.145480449258720768e+01
2.157861620647534728e+00 5.883867460161311236e+00 2.188465049363673742e+01
2.189594879774704239e+00 5.352311913203358529e+00 1.293875423201492936e+01
2.221328138901874194e+00 5.062689778506726412e+00 -1.622140999211472812e+00
2.253061398029043705e+00 5.455263554540925597e+00 -8.590006639912282083e+00
2.284794657156213216e+00 5.607867591723614709e+00 -1.130272016325210416e+01
2.316527916283382726e+00 6.172607850105653604e+00 -1.091083330030612686e+01
2.348261175410552681e+00 6.300340192547546181e+00 -6.551305536170216826e+00
2.379994434537722192e+00 6.588396402506754512e+00 -6.147853800732479890e+00
2.411727693664891703e+00 6.690523068016743125e+00 -5.941187326767630061e+00
2.443460952792061214e+00 6.965462876433501371e+00 1.791193789419414983e+00
2.475194211919231169e+00 6.576842234683496713e+00 7.436623133109312000e+00
2.506927471046400679e+00 6.493486298605377627e+00 1.302327128541702095e+01
2.538660730173570190e+00 5.750300549916365078e+00 1.351778662428719358e+01
2.570393989300740145e+00 5.635559447056791349e+00 1.106034328668234679e+01
2.602127248427909656e+00 5.048339070812881246e+00 1.399859968519104925e+01
2.633860507555079167e+00 4.747117064601425795e+00 1.481099300186340351e+01
2.665593766682248678e+00 4.108336913095226528e+00 1.207348480523024570e+01
2.697327025809418632e+00 3.980855020816792766e+00 5.401317811679578362e+00
2.729060284936588143e+00 3.765534077602776808e+00 2.530424378232992710e-01
2.760793544063757654e+00 3.964795298317557837e+00 -5.749412620401298746e+00
2.792526803190927165e+00 4.130429278627204326e+00 -1.797219110843848711e+01
2.824260062318097120e+00 5.105427693371742848e+00 -3.600039074097198721e+01
2.855993321445266631e+00 6.415248734752449167e+00 -4.235223837052636497e+01
2.887726580572436141e+00 7.793376803026881738e+00 -4.645211596668976739e+01
2.919459839699605652e+00 9.363402800705049600e+00 -5.373807030627600057e+01
2.951193098826775607e+00 1.120394502307311413e+01 -7.344835333978640790e+01
2.982926357953945118e+00 1.402491405869576369e+01 -7.773615587076029954e+01
3.014659617081114629e+00 1.613758817866688489e+01 -5.987728921228179502e+01
3.046392876208284584e+00 1.782511712750739719e+01 -4.556011506852486548e+01
3.078126135335454094e+00 1.902913005333321550e+01 -4.502498394773780888e+01
3.109859394462623605e+00 2.068269609312783075e+01 -5.005730060150312966e+01
3.141592653589793116e+00 2.220609263572146119e+01 -4.800630582849011319e+01
