0.000000000000000000e+00 2.468873499038166415e+02 2.820805558259916168e+01
3.173325912716962877e-02 2.459922163665404184e+02 5.641611116519832336e+01
6.346651825433925753e-02 2.433068157547117494e+02 1.128322223303970873e+02
9.519977738150889324e-02 2.388311480683306058e+02 1.692483334955954035e+02
1.269330365086785151e-01 2.325652133073970447e+02 1.974563890781941211e+02
1.586662956358481369e-01 2.262992785464634835e+02 1.974563890781941211e+02
1.903995547630177865e-01 2.200333437855299223e+02 1.974563890781950306e+02
2.221328138901874083e-01 2.137674090245963043e+02 1.974563890781950306e+02
2.538660730173570301e-01 2.075014742636627432e+02 1.974563890781941211e+02
2.855993321445266520e-01 2.012355395027291820e+02 1.974563890781945759e+02
3.173325912716962738e-01 1.949696047417955924e+02 1.974563890781941211e+02
3.490658503988658956e-01 1.887036699808620597e+02 1.974563890781941211e+02
3.807991095260355729e-01 1.824377352199284701e+02 1.974563890781941211e+02
4.125323686532051948e-01 1.761718004589949373e+02 1.974563890781941211e+02
4.442656277803748166e-01 1.699058656980613478e+02 1.974563890781945759e+02
4.759988869075444384e-01 1.636399309371277866e+02 1.974563890781941211e+02
5.077321460347140603e-01 1.573739961761942254e+02 1.974563890781941211e+02
5.394654051618836821e-01 1.511080614152606643e+02 1.974563890781941211e+02
5.711986642890533039e-01 1.448421266543271031e+02 1.974563890781941211e+02
6.029319234162229257e-01 1.385761918933935419e+02 1.974563890781941211e+02
6.346651825433925476e-01 1.323102571324599808e+02 1.974563890781941211e+02
6.663984416705621694e-01 1.260443223715264196e+02 1.974563890781941211e+02
6.981317007977317912e-01 1.197783876105928584e+02 1.974563890781945759e+02
7.298649599249014130e-01 1.135124528496592688e+02 1.974563890781945759e+02
7.615982190520711459e-01 1.072465180887257077e+02 1.974563890781941211e+02
7.933314781792407677e-01 1.009805833277921465e+02 1.974563890781943485e+02
8.250647373064103896e-01 9.471464856685857114e+01 1.974563890781943485e+02
8.567979964335800114e-01 8.844871380592500998e+01 1.974563890781941211e+02
8.885312555607496332e-01 8.218277904499144881e+01 2.078685892291027528e+02
9.202645146879192550e-01 7.525601819311241059e+01 2.078685892291027528e+02
9.519977738150888769e-01 6.899008343217884942e+01 2.115531337591984027e+02
9.837310329422584987e-01 6.182947736762157120e+01 2.187182492456034311e+02
1.015464292069428121e+00 5.510879767387563533e+01 2.126395239717242873e+02
1.047197551196597853e+00 4.833398713787612166e+01 2.010644843187612025e+02
1.078930810323767364e+00 4.234793490955966888e+01 1.826881408567646190e+02
1.110664069450937097e+00 3.673940691133896763e+01 1.564034386944531150e+02
1.142397328578106608e+00 3.242155321261672896e+01 1.337589370515198084e+02
1.174130587705276341e+00 2.825019289127767053e+01 1.042737808375872959e+02
1.205863846832445851e+00 2.580365939763902361e+01 6.930122921589158125e+01
1.237597105959615584e+00 2.385188516219913879e+01 4.123823514101979271e+01
1.269330365086785095e+00 2.318641219428475608e+01 1.524235513312776114e+01
1.301063624213954828e+00 2.288450595190336401e+01 2.011203794313930260e+00
1.332796883341124339e+00 2.305876809195973465e+01 -1.312725503973500807e+01
1.364530142468294072e+00 2.371764712351207294e+01 -1.839737513078411979e+01
1.396263401595463582e+00 2.422638543652957210e+01 -2.939656804013563729e+01
1.427996660722633315e+00 2.558334494564626738e+01 -4.007689880290525508e+01
1.459729919849802826e+00 2.676992666598146542e+01 -3.947264991284688307e+01
1.491463178976972559e+00 2.808853660188710677e+01 -3.705211224183853602e+01
1.523196438104142292e+00 2.912149522393993806e+01 -2.482857689180441696e+01
1.554929697231311803e+00 2.966431993042007775e+01 -1.170286922293258414e+01
1.586662956358481535e+00 2.986423558710533399e+01 -1.040701715375564085e+01
1.618396215485651046e+00 3.032481707458213194e+01 -9.860277961676227124e-03
1.650129474612820779e+00 2.986486138461658157e+01 1.930169360605520623e+01
1.681862733739990290e+00 2.909980578499376591e+01 3.371020483226644160e+01
1.713595992867160023e+00 2.772539205427202802e+01 4.640935208608586748e+01
1.745329251994329534e+00 2.615436579365013969e+01 4.716708242596456557e+01
1.777062511121499266e+00 2.473186155648062368e+01 4.807162852998779812e+01
1.808795770248668777e+00 2.310342690403585308e+01 5.432139429652542617e+01
1.840529029375838510e+00 2.128427179375903222e+01 5.538461107827287577e+01
1.872262288503008021e+00 1.958835847402716723e+01 5.037999671708263350e+01
1.903995547630177754e+00 1.808682881246075524e+01 4.889530528701565970e+01
1.935728806757347265e+00 1.648514368847729727e+01 5.062805953546826032e+01
1.967462065884516997e+00 1.487364214777118399e+01 4.687609055074647557e+01
1.999195325011686508e+00 1.351008143184628629e+01 4.080433854857911768e+01
2.030928584138856241e+00 1.228393285042154837e+01 3.612683565981305378e+01
2.062661843266025752e+00 1.121723695697124690e+01 3.501678152460898730e+01
2.094395102393195707e+00 1.006153964658174260e+01 3.282990391602000813e+01
2.126128361520365218e+00 9.133637260796959367e+00 2.521370592763019403e+01
2.157861620647534728e+00 8.461313519066258948e+00 1.817673185872459030e+01
2.189594879774704239e+00 7.980023376480985142e+00 1.193733873989743621e+01
2.221328138901874194e+00 7.703692192022327134e+00 5.698230368141517843e+00
2.253061398029043705e+00 7.618376534803901201e+00 1.126201610003912501e+00
2.284794657156213216e+00 7.632216096982947562e+00 -2.125252467968210990e+00
2.316527916283382726e+00 7.753258909357285233e+00 -3.939664166508034970e+00
2.348261175410552681e+00 7.882252864722596009e+00 -4.240627103416556132e+00
2.379994434537722192e+00 8.022396746826117919e+00 -4.035364264720251448e+00
2.411727693664891703e+00 8.138363384492372177e+00 -1.914851977488009060e+00
2.443460952792061214e+00 8.143925734809718264e+00 1.544817204759117768e+00
2.475194211919231169e+00 8.040319215166910283e+00 3.880683073532150473e+00
2.506927471046400679e+00 7.897632291684084649e+00 8.237753006346704154e+00
2.538660730173570190e+00 7.517497713614869070e+00 1.015292181650286629e+01
2.570393989300740145e+00 7.253261693882126160e+00 1.292222858299808586e+01
2.602127248427909656e+00 6.697368857365276540e+00 1.434297624307438035e+01
2.633860507555079167e+00 6.342962930329491655e+00 1.126691391227940997e+01
2.665593766682248678e+00 5.982297059881526380e+00 8.007212939036264743e+00
2.697327025809418632e+00 5.834773004167765009e+00 6.593095310814942600e+00
2.729060284936588143e+00 5.563856255985091259e+00 2.415004653205925500e+00
2.760793544063757654e+00 5.681501067260756876e+00 -5.428039866894906140e+00
2.792526803190927165e+00 5.908355047282658035e+00 -1.348615020463687664e+01
2.824260062318097120e+00 6.537420065404104363e+00 -1.212363142866435517e+01
2.855993321445266631e+00 6.677799722658865456e+00 -1.809618061524341570e+01
2.887726580572436141e+00 7.685921642755270788e+00 -2.767623081954873143e+01
2.919459839699605652e+00 8.434313731179061691e+00 -3.105453510880776946e+01
2.951193098826775607e+00 9.656844862118438400e+00 -1.282720213229032602e+01
2.982926357953945118e+00 9.248411589460165061e+00 4.438558558136759480e+00
3.014659617081114629e+00 9.375145004365498025e+00 -4.415815089711529851e+01
3.046392876208284584e+00 1.205097567944980064e+01 -1.322401796185646106e+02
3.078126135335454094e+00 1.776796877808423147e+01 -1.791108137883217353e+02
3.109859394462623605e+00 2.341851541229588207e+01 -1.572833960484205136e+02
3.141592653589793116e+00 2.775019830449578251e+01 -1.365029313516419336e+02
