0.000000000000000000e+00 1.120845580206920857e+02 9.452478359374129724e+00
3.173325912716962877e-02 1.117846000755201032e+02 1.890495671874758798e+01
6.346651825433925753e-02 1.108847262400041984e+02 3.780991343749517597e+01
9.519977738150889324e-02 1.093849365141443286e+02 5.671487015624254013e+01
1.269330365086785151e-01 1.072852308979405507e+02 6.616734851561599839e+01
1.586662956358481369e-01 1.051855252817367585e+02 6.616734851561621156e+01
1.903995547630177865e-01 1.030858196655329664e+02 6.616734851561643893e+01
2.221328138901874083e-01 1.009861140493291600e+02 6.616734851561643893e+01
2.538660730173570301e-01 9.888640843312536788e+01 6.616734851561643893e+01
2.855993321445266520e-01 9.678670281692156152e+01 6.616734851561643893e+01
3.173325912716962738e-01 9.468699720071776937e+01 6.616734851561599839e+01
3.490658503988658956e-01 9.258729158451399144e+01 6.616734851561621156e+01
3.807991095260355729e-01 9.048758596831018508e+01 6.616734851561666630e+01
4.125323686532051948e-01 8.838788035210637872e+01 6.616734851561643893e+01
4.442656277803748166e-01 8.628817473590258658e+01 6.616734851561621156e+01
4.759988869075444384e-01 8.418846911969879443e+01 6.616734851561621156e+01
5.077321460347140603e-01 8.208876350349500228e+01 6.616734851561621156e+01
5.394654051618836821e-01 7.998905788729121014e+01 6.616734851561643893e+01
5.711986642890533039e-01 7.788935227108740378e+01 6.616734851561643893e+01
6.029319234162229257e-01 7.578964665488361163e+01 6.616734851561621156e+01
6.346651825433925476e-01 7.368994103867981948e+01 6.616734851561643893e+01
6.663984416705621694e-01 7.159023542247601313e+01 6.616734851561643893e+01
6.981317007977317912e-01 6.949052980627222098e+01 6.616734851561621156e+01
7.298649599249014130e-01 6.739082419006842883e+01 6.616734851561621156e+01
7.615982190520711459e-01 6.529111857386463669e+01 6.616734851561643893e+01
7.933314781792407677e-01 6.319141295766083033e+01 6.616734851561643893e+01
8.250647373064103896e-01 6.109170734145703818e+01 6.616734851561621156e+01
8.567979964335800114e-01 5.899200172525324604e+01 6.616734851561632524e+01
8.885312555607496332e-01 5.689229610904944678e+01 6.313014809318856635e+01
9.202645146879192550e-01 5.498535102889775317e+01 4.422519137444098192e+01
9.519977738150888769e-01 5.408547719338184123e+01 4.779940254210606554e+01
9.837310329422584987e-01 5.195168937491266803e+01 7.655085729949388451e+01
1.015464292069428121e+00 4.922706081119819288e+01 7.866406689987597645e+01
1.047197551196597853e+00 4.695915493705112453e+01 9.060044306990468499e+01
1.078930810323767364e+00 4.347696613725086223e+01 9.453051065519025542e+01
1.110664069450937097e+00 4.095963255696148053e+01 9.672425501979370210e+01
1.142397328578106608e+00 3.733821444039976001e+01 1.127816929430646127e+02
1.174130587705276341e+00 3.380177118303518569e+01 9.918865234524922414e+01
1.205863846832445851e+00 3.104305602570669009e+01 6.705727332983036604e+01
1.237597105959615584e+00 2.954587952116128946e+01 4.679575600774398225e+01
1.269330365086785095e+00 2.807309232281560085e+01 2.339795397513377395e+01
1.301063624213954828e+00 2.806089284808427209e+01 2.357924193742282903e-01
1.332796883341124339e+00 2.805812739892715157e+01 -9.237097230524422997e+00
1.364530142468294072e+00 2.864713924808245693e+01 -2.338126930208229481e+01
1.396263401595463582e+00 2.954205515389737968e+01 -4.270690305312481883e+01
1.427996660722633315e+00 3.135759769028990007e+01 -5.151823935493166573e+01
1.459729919849802826e+00 3.281173843234856946e+01 -3.780730400939909686e+01
1.491463178976972559e+00 3.375709564034978172e+01 -2.378349738635943922e+01
1.523196438104142292e+00 3.432119420337198079e+01 -1.088220023851311424e+01
1.554929697231311803e+00 3.444775100043474936e+01 -4.385210028069227661e+00
1.586662956358481535e+00 3.459950821566754797e+01 1.103708679375886348e+01
1.618396215485651046e+00 3.374726552996392570e+01 2.671556026589285082e+01
1.650129474612820779e+00 3.290396462237735875e+01 3.447991665920510940e+01
1.681862733739990290e+00 3.155894526990438820e+01 4.447365788046159452e+01
1.713595992867160023e+00 3.008137640266980384e+01 4.486224644498716430e+01
1.745329251994329534e+00 2.871169468697294391e+01 4.730431521613326140e+01
1.777062511121499266e+00 2.707913621749606392e+01 5.196874558095435503e+01
1.808795770248668777e+00 2.541341934690419180e+01 5.209035802017509553e+01
1.840529029375838510e+00 2.377314255933355369e+01 6.298026098390337779e+01
1.872262288503008021e+00 2.141628146350623751e+01 7.129621446589307254e+01
1.903995547630177754e+00 1.924822006246866479e+01 6.411314197718161267e+01
1.935728806757347265e+00 1.734724356786839650e+01 5.986724116592483824e+01
1.967462065884516997e+00 1.544865470817456554e+01 5.838886733102194881e+01
1.999195325011686508e+00 1.364150545355389887e+01 5.552322621532129432e+01
2.030928584138856241e+00 1.192478885804006872e+01 5.309229801835112994e+01
2.062661843266025752e+00 1.027192215220739691e+01 4.876468652125722514e+01
2.094395102393195707e+00 8.829863990771565696e+00 3.570717904556678945e+01
2.126128361520365218e+00 8.005711821500971936e+00 2.573340030907540310e+01
2.157861620647534728e+00 7.196654670309412083e+00 1.823924794941347116e+01
2.189594879774704239e+00 6.848130258574101958e+00 9.684844019611997368e+00
2.221328138901874194e+00 6.581991340548278835e+00 1.230518141754502581e+00
2.253061398029043705e+00 6.770033556468144198e+00 -9.294017956710213468e+00
2.284794657156213216e+00 7.171850300853984450e+00 -1.173367719235020168e+01
2.316527916283382726e+00 7.514729194186962502e+00 -9.855033857349960513e+00
2.348261175410552681e+00 7.797314987058617142e+00 -8.995970983859331582e+00
2.379994434537722192e+00 8.085672150849577022e+00 -8.215371177925618440e+00
2.411727693664891703e+00 8.318715991888605998e+00 -2.688407634965279236e+00
2.443460952792061214e+00 8.256296023089205960e+00 3.500671940326538945e+00
2.475194211919231169e+00 8.096540532285418479e+00 9.514158454318351943e+00
2.506927471046400679e+00 7.652465511873534076e+00 9.815979815419911603e+00
2.538660730173570190e+00 7.473554470145844952e+00 1.207759004182349472e+01
2.570393989300740145e+00 6.885942923015717199e+00 2.176173403129971362e+01
2.602127248427909656e+00 6.092412980002285927e+00 2.326784034663159417e+01
2.633860507555079167e+00 5.409214108917171693e+00 1.942679058860801078e+01
2.665593766682248678e+00 4.859462220487169581e+00 9.501787323721416101e+00
2.697327025809418632e+00 4.806168750287357128e+00 6.016805387266214389e+00
2.729060284936588143e+00 4.477596531543431624e+00 2.532410209136732426e+00
2.760793544063757654e+00 4.645445491521705605e+00 -8.469871189724338834e+00
2.792526803190927165e+00 5.015149766017973576e+00 -1.785278143256855543e+01
2.824260062318097120e+00 5.778499370202546892e+00 -2.743667424507621533e+01
2.855993321445266631e+00 6.756459952831463056e+00 -3.312437813549217225e+01
2.887726580572436141e+00 7.880788319802396913e+00 -4.088581331569984911e+01
2.919459839699605652e+00 9.351340169975834726e+00 -4.376920929807708660e+01
2.951193098826775607e+00 1.065866764069680173e+01 -4.250066869177016571e+01
2.982926357953945118e+00 1.204870963532369110e+01 -4.960258427818088478e+01
3.014659617081114629e+00 1.380677096125037018e+01 -1.242746629476355906e+02
3.046392876208284584e+00 1.993598979984166419e+01 -2.558761754418798375e+02
3.078126135335454094e+00 3.004634092078295282e+01 -3.230651439496646162e+02
3.109859394462623605e+00 4.043980965566379382e+01 -3.242252945379406128e+02
3.141592653589793116e+00 5.062379149509368403e+01 -3.209245479204652156e+02
