0.000000000000000000e+00 6.323601967072844445e+02 8.527625838601380792e+01
3.173325912716962877e-02 6.296541031025255961e+02 1.705525167720240347e+02
6.346651825433925753e-02 6.215358222882492782e+02 3.411050335440427261e+02
9.519977738150889324e-02 6.080053542644556046e+02 5.116575503160631797e+02
1.269330365086785151e-01 5.890626990311443478e+02 5.969338087020769308e+02
1.586662956358481369e-01 5.701200437978329774e+02 5.969338087020787498e+02
1.903995547630177865e-01 5.511773885645216069e+02 5.969338087020787498e+02
2.221328138901874083e-01 5.322347333312102364e+02 5.969338087020769308e+02
2.538660730173570301e-01 5.132920780978989796e+02 5.969338087020752255e+02
2.855993321445266520e-01 4.943494228645877229e+02 5.969338087020769308e+02
3.173325912716962738e-01 4.754067676312763524e+02 5.969338087020778403e+02
3.490658503988658956e-01 4.564641123979650388e+02 5.969338087020769308e+02
3.807991095260355729e-01 4.375214571646537252e+02 5.969338087020778403e+02
4.125323686532051948e-01 4.185788019313423547e+02 5.969338087020778403e+02
4.442656277803748166e-01 3.996361466980310411e+02 5.969338087020769308e+02
4.759988869075444384e-01 3.806934914647197274e+02 5.969338087020778403e+02
5.077321460347140603e-01 3.617508362314083570e+02 5.969338087020769308e+02
5.394654051618836821e-01 3.428081809980971002e+02 5.969338087020752255e+02
5.711986642890533039e-01 3.238655257647858434e+02 5.969338087020769308e+02
6.029319234162229257e-01 3.049228705314744730e+02 5.969338087020778403e+02
6.346651825433925476e-01 2.859802152981631593e+02 5.969338087020778403e+02
6.663984416705621694e-01 2.670375600648517889e+02 5.969338087020769308e+02
6.981317007977317912e-01 2.480949048315405321e+02 5.969338087020765897e+02
7.298649599249014130e-01 2.291522495982291900e+02 5.969338087020773855e+02
7.615982190520711459e-01 2.102095943649178764e+02 5.969338087020773855e+02
7.933314781792407677e-01 1.912669391316065344e+02 5.969338087020778403e+02
8.250647373064103896e-01 1.723242838982951923e+02 5.969338087020773855e+02
8.567979964335800114e-01 1.533816286649838787e+02 5.969338087020769308e+02
8.885312555607496332e-01 1.344389734316725651e+02 5.828774817037480034e+02
9.202645146879192550e-01 1.163884243323896612e+02 5.828774817037482308e+02
9.519977738150888769e-01 9.744576909907833340e+01 5.682526185464927266e+02
9.837310329422584987e-01 8.032340914433260082e+01 4.996076875064355818e+02
1.015464292069428121e+00 6.573740867994291648e+01 4.151613106859662707e+02
1.047197551196597853e+00 5.397456624118630941e+01 3.462216379516666507e+02
1.078930810323767364e+00 4.376392677483622862e+01 2.885045029426983092e+02
1.110664069450937097e+00 3.566418993871447185e+01 2.272961217582405311e+02
1.142397328578106608e+00 2.933823331412633806e+01 1.457863330430568851e+02
1.174130587705276341e+00 2.641163897140411976e+01 7.643264033401300139e+01
1.205863846832445851e+00 2.448731975114035464e+01 6.137966880528679070e+01
1.237597105959615584e+00 2.251608510072808755e+01 5.723751266347080247e+01
1.269330365086785095e+00 2.085465410885121074e+01 3.004167863263099036e+01
1.301063624213954828e+00 2.060944435539921926e+01 -5.596344489634422992e+00
1.332796883341124339e+00 2.120983460856016478e+01 -2.727251825712841082e+01
1.364530142468294072e+00 2.234033613320706024e+01 -3.681730753975306669e+01
1.396263401595463582e+00 2.354650092960752517e+01 -4.109338403912872906e+01
1.427996660722633315e+00 2.494839014145899725e+01 -4.359565668432887264e+01
1.459729919849802826e+00 2.631336547037339102e+01 -3.803627802608714603e+01
1.491463178976972559e+00 2.736242027512878039e+01 -3.427680033279047933e+01
1.523196438104142292e+00 2.848879464439477971e+01 -2.918902182513609489e+01
1.554929697231311803e+00 2.921494586162008744e+01 -1.172896663491381730e+01
1.586662956358481535e+00 2.923319131943407356e+01 -1.402833631177652141e+00
1.618396215485651046e+00 2.930397882788102493e+01 9.495828529716186850e+00
1.650129474612820779e+00 2.863052414471276563e+01 1.826627589032506904e+01
1.681862733739990290e+00 2.814468189564891176e+01 2.011047461073122733e+01
1.713595992867160023e+00 2.735418234072736610e+01 3.476067794524532673e+01
1.745329251994329534e+00 2.593854269430379134e+01 4.640268653260044118e+01
1.777062511121499266e+00 2.440916538885569764e+01 4.813667498399013311e+01
1.808795770248668777e+00 2.288347553272918589e+01 4.967337313798958576e+01
1.840529029375838510e+00 2.125656934583887647e+01 4.885174853466826761e+01
1.872262288503008021e+00 1.978302514259727118e+01 4.646033031766108223e+01
1.903995547630177754e+00 1.830789394363040756e+01 4.993504440113750320e+01
1.935728806757347265e+00 1.661382173558123654e+01 5.130007098409512878e+01
1.967462065884516997e+00 1.505205705206943456e+01 4.642948863409586835e+01
1.999195325011686508e+00 1.366710374764575420e+01 4.206818538281331854e+01
2.030928584138856241e+00 1.238213579654418517e+01 3.898351066016044086e+01
2.062661843266025752e+00 1.119295605671445237e+01 3.558121127837429754e+01
2.094395102393195707e+00 1.012392020143374083e+01 3.069670516874650801e+01
2.126128361520365218e+00 9.244743057774131856e+00 2.011494792859122072e+01
2.157861620647534728e+00 8.847294491538722383e+00 1.048098565572567153e+01
2.189594879774704239e+00 8.579551390331550564e+00 7.585931049356954503e+00
2.221328138901874194e+00 8.365841860118550244e+00 4.542834369919976467e+00
2.253061398029043705e+00 8.291233509866584583e+00 3.213139838674144766e+00
2.284794657156213216e+00 8.161915061893592949e+00 -1.773762122424139331e+00
2.316527916283382726e+00 8.403808015988271762e+00 -3.847443219111107204e+00
2.348261175410552681e+00 8.406098887191841840e+00 -7.880845815765687989e-01
2.379994434537722192e+00 8.453825000470864381e+00 2.244784638730307424e+00
2.411727693664891703e+00 8.263630221940804432e+00 4.889552550731684377e+00
2.443460952792061214e+00 8.143502124254300867e+00 4.880464220364978623e+00
2.475194211919231169e+00 7.953884150409360920e+00 6.364044144368427247e+00
2.506927471046400679e+00 7.739598400394321231e+00 1.078531688774165254e+01
2.538660730173570190e+00 7.269377639274671843e+00 1.339387468310865437e+01
2.570393989300740145e+00 6.889535808322473365e+00 1.074698667852710088e+01
2.602127248427909656e+00 6.587303813062790780e+00 1.067362190893709872e+01
2.633860507555079167e+00 6.212118188599001556e+00 1.043411749328485350e+01
2.665593766682248678e+00 5.925086704707307028e+00 9.192316512698491593e+00
2.697327025809418632e+00 5.628713864846158543e+00 1.031560826768102235e+00
2.729060284936588143e+00 5.859617130664767970e+00 -3.165182362266124372e+00
2.760793544063757654e+00 5.829596969019234187e+00 5.429708270109913082e-01
2.792526803190927165e+00 5.825156662760701209e+00 -6.459703042007808982e+00
2.824260062318097120e+00 6.239571830052433654e+00 -1.944763551523387690e+01
2.855993321445266631e+00 7.059430377192028594e+00 -3.452018271657673409e+01
2.887726580572436141e+00 8.430447636577177661e+00 -2.153655513275840150e+01
2.919459839699605652e+00 8.426280546660823489e+00 -9.665755474812199211e+00
2.951193098826775607e+00 9.043899482861325723e+00 -1.041271310290152208e+01
2.982926357953945118e+00 9.087139192883320504e+00 -1.179878585904726940e+01
3.014659617081114629e+00 9.792727340963589100e+00 -1.068076271884162942e+01
3.046392876208284584e+00 9.765010014948948935e+00 6.616834489297952759e-02
3.078126135335454094e+00 9.788527866494579399e+00 3.360281206302067503e+00
3.109859394462623605e+00 9.551744666429465624e+00 -1.192504055099825599e+01
3.141592653589793116e+00 1.054536867030824610e+01 -3.131175401482956389e+01
