0.000000000000000000e+00 2.865966716696450476e+02 3.290292728260563138e+01
3.173325912716962877e-02 2.855525545521437039e+02 6.580585456520947218e+01
6.346651825433925753e-02 2.824202031996397864e+02 1.316117091304198254e+02
9.519977738150889324e-02 2.771996176121331246e+02 1.974175636956302071e+02
1.269330365086785151e-01 2.698907977896238890e+02 2.303204909782349432e+02
1.586662956358481369e-01 2.625819779671145966e+02 2.303204909782353980e+02
1.903995547630177865e-01 2.552731581446053326e+02 2.303204909782349432e+02
2.221328138901874083e-01 2.479643383220960686e+02 2.303204909782353980e+02
2.538660730173570301e-01 2.406555184995867762e+02 2.303204909782344885e+02
2.855993321445266520e-01 2.333466986770775691e+02 2.303204909782344885e+02
3.173325912716962738e-01 2.260378788545682767e+02 2.303204909782353980e+02
3.490658503988658956e-01 2.187290590320590127e+02 2.303204909782349432e+02
3.807991095260355729e-01 2.114202392095497487e+02 2.303204909782349432e+02
4.125323686532051948e-01 2.041114193870404847e+02 2.303204909782344885e+02
4.442656277803748166e-01 1.968025995645312491e+02 2.303204909782353980e+02
4.759988869075444384e-01 1.894937797420219283e+02 2.303204909782353980e+02
5.077321460347140603e-01 1.821849599195126927e+02 2.303204909782340337e+02
5.394654051618836821e-01 1.748761400970034572e+02 2.303204909782344885e+02
5.711986642890533039e-01 1.675673202744941932e+02 2.303204909782353980e+02
6.029319234162229257e-01 1.602585004519849008e+02 2.303204909782349432e+02
6.346651825433925476e-01 1.529496806294756652e+02 2.303204909782344885e+02
6.663984416705621694e-01 1.456408608069664012e+02 2.303204909782349432e+02
6.981317007977317912e-01 1.383320409844571373e+02 2.303204909782349432e+02
7.298649599249014130e-01 1.310232211619478733e+02 2.303204909782349432e+02
7.615982190520711459e-01 1.237144013394386093e+02 2.303204909782351706e+02
7.933314781792407677e-01 1.164055815169293311e+02 2.303204909782349432e+02
8.250647373064103896e-01 1.090967616944200813e+02 2.303204909782347158e+02
8.567979964335800114e-01 1.017879418719108173e+02 2.303204909782351706e+02
8.885312555607496332e-01 9.447912204940153913e+01 2.485271837923673388e+02
9.202645146879192550e-01 8.601478682505300810e+01 2.485271837923671114e+02
9.519977738150888769e-01 7.870596700254374412e+01 2.319592510894046882e+02
9.837310329422584987e-01 7.129314078152444267e+01 2.110796613070337742e+02
1.015464292069428121e+00 6.530947582508113669e+01 2.011318858331557635e+02
1.047197551196597853e+00 5.852800027776478231e+01 2.146450896678362312e+02
1.078930810323767364e+00 5.168669932347312113e+01 2.045849037405505442e+02
1.110664069450937097e+00 4.554370874995289142e+01 1.641567991585232278e+02
1.142397328578106608e+00 4.126823883310480312e+01 1.266443813789162647e+02
1.174130587705276341e+00 3.750603080735839967e+01 1.121558279677561245e+02
1.205863846832445851e+00 3.415009893005867525e+01 1.037653024450166441e+02
1.237597105959615584e+00 3.092040834556471651e+01 6.597244700115687976e+01
1.269330365086785095e+00 2.996305741817632295e+01 1.801913015329634860e+01
1.301063624213954828e+00 2.977679689276321895e+01 -7.852575089479922887e+00
1.332796883341124339e+00 3.046143301843637019e+01 -2.173099492776452024e+01
1.364530142468294072e+00 3.115598747903113974e+01 -2.579023690336569530e+01
1.396263401595463582e+00 3.209824955964756299e+01 -4.019133487825639861e+01
1.427996660722633315e+00 3.370679156774826168e+01 -3.726308863443060204e+01
1.459729919849802826e+00 3.446320805467771464e+01 -2.527809375104996548e+01
1.491463178976972559e+00 3.531110416623417336e+01 -1.831749535353939962e+01
1.523196438104142292e+00 3.562575570790689738e+01 -2.854432609389906261e+01
1.554929697231311803e+00 3.712271315933043070e+01 -1.689051541654998090e+01
1.586662956358481535e+00 3.669773791291656551e+01 1.202308398147118318e+01
1.618396215485651046e+00 3.635964988034693590e+01 3.475672972288028717e+01
1.650129474612820779e+00 3.449184929149824796e+01 4.008324880291656456e+01
1.681862733739990290e+00 3.381570563850340960e+01 4.386769507428877546e+01
1.713595992867160023e+00 3.170771942129011123e+01 5.438070560758659155e+01
1.745329251994329534e+00 3.036435159337566603e+01 7.193352576039673352e+01
1.777062511121499266e+00 2.714234899551890834e+01 7.713470959466258137e+01
1.808795770248668777e+00 2.546888013884285584e+01 6.700555003740726079e+01
1.840529029375838510e+00 2.288974003092775789e+01 6.935248697025063791e+01
1.872262288503008021e+00 2.106731925856161780e+01 6.375528687942586714e+01
1.903995547630177754e+00 1.884341395238404004e+01 6.699396352336191285e+01
1.935728806757347265e+00 1.681544564967563105e+01 6.436124274830969227e+01
1.967462065884516997e+00 1.475862996462648269e+01 6.493857093619666898e+01
1.999195325011686508e+00 1.269402065194280027e+01 5.574341676325985873e+01
2.030928584138856241e+00 1.122078938706181006e+01 5.060430295230907660e+01
2.062661843266025752e+00 9.482341734871962302e+00 4.225081821177386843e+01
2.094395102393195707e+00 8.539277061763494103e+00 3.806594238111159711e+01
2.126128361520365218e+00 7.066428907872516874e+00 3.259316444887271302e+01
2.157861620647534728e+00 6.470702395302432741e+00 1.852777619983346824e+01
2.189594879774704239e+00 5.890535461473473511e+00 9.657232224590472924e+00
2.221328138901874194e+00 5.857791490034068183e+00 -3.464623396119916737e-02
2.253061398029043705e+00 5.892734337313616066e+00 -5.491412806881482034e+00
2.284794657156213216e+00 6.206312341184124115e+00 -8.844752449587190313e+00
2.316527916283382726e+00 6.454079980110453363e+00 -1.008216522714437602e+01
2.348261175410552681e+00 6.846192264615947209e+00 -1.003632905998260583e+01
2.379994434537722192e+00 7.091050841602394961e+00 -9.513786228729458117e+00
2.411727693664891703e+00 7.449999151969486810e+00 -7.473379600505473341e+00
2.443460952792061214e+00 7.565360224439482195e+00 1.322526417802161625e+00
2.475194211919231169e+00 7.366063004932200009e+00 8.569478783834700408e+00
2.506927471046400679e+00 7.021485242775064251e+00 1.188855906847019561e+01
2.538660730173570190e+00 6.611537553795345801e+00 1.325709981399837467e+01
2.570393989300740145e+00 6.180103275430338883e+00 1.536959723692718249e+01
2.602127248427909656e+00 5.636082730196064539e+00 1.524512742390037445e+01
2.633860507555079167e+00 5.212548117491637711e+00 1.777406412305328232e+01
2.665593766682248678e+00 4.508024765076506846e+00 1.457730943894683584e+01
2.697327025809418632e+00 4.287377041885566342e+00 6.788952465714690909e+00
2.729060284936588143e+00 4.077153589483383911e+00 -3.298019823895091740e+00
2.760793544063757654e+00 4.496690877241976914e+00 -1.307812135452230073e+01
2.792526803190927165e+00 4.907176417162637527e+00 -2.337007793480188411e+01
2.824260062318097120e+00 5.979908355096411832e+00 -3.369582086538275689e+01
2.855993321445266631e+00 7.045732847210397942e+00 -3.997874227340702902e+01
2.887726580572436141e+00 8.517219931377123743e+00 -5.003010453144821668e+01
2.919459839699605652e+00 1.022096938972205749e+01 -6.586059027354127693e+01
2.951193098826775607e+00 1.269716228621438958e+01 -6.378430424575665114e+01
2.982926357953945118e+00 1.426913709947570119e+01 -5.306779479843314817e+01
3.014659617081114629e+00 1.606519045350667696e+01 -4.364131672209167334e+01
3.046392876208284584e+00 1.703889952386173334e+01 -3.295196098587897637e+01
3.078126135335454094e+00 1.815653668693324008e+01 -2.725170132539987833e+01
3.109859394462623605e+00 1.876847012349202615e+01 -2.074358522264831706e+01
3.141592653589793116e+00 1.947305981712689160e+01 -2.220350865353141145e+01
