0.000000000000000000e+00 2.954050897200083341e+02 3.438903809543916168e+01
4.000000000000000083e-02 2.940295281961907676e+02 6.877807619087903390e+01
8.000000000000000167e-02 2.899028436247380114e+02 1.375561523817580678e+02
1.199999999999999956e-01 2.830250360056501222e+02 2.063342285726371017e+02
1.600000000000000033e-01 2.733961053389270432e+02 2.407232666680769739e+02
2.000000000000000111e-01 2.637671746722039643e+02 2.407232666680766044e+02
2.399999999999999911e-01 2.541382440054809138e+02 2.407232666680766044e+02
2.800000000000000266e-01 2.445093133387578348e+02 2.407232666680769739e+02
3.200000000000000067e-01 2.348803826720347558e+02 2.407232666680769739e+02
3.599999999999999867e-01 2.252514520053116769e+02 2.407232666680766044e+02
4.000000000000000222e-01 2.156225213385886263e+02 2.407232666680762634e+02
4.400000000000000022e-01 2.059935906718655758e+02 2.407232666680762634e+02
4.799999999999999822e-01 1.963646600051425253e+02 2.407232666680766044e+02
5.200000000000000178e-01 1.867357293384194463e+02 2.407232666680769739e+02
5.600000000000000533e-01 1.771067986716963674e+02 2.407232666680766044e+02
5.999999999999999778e-01 1.674778680049733168e+02 2.407232666680762634e+02
6.400000000000000133e-01 1.578489373382502663e+02 2.407232666680766044e+02
6.800000000000000488e-01 1.482200066715271873e+02 2.407232666680766044e+02
7.199999999999999734e-01 1.385910760048041368e+02 2.407232666680766044e+02
7.600000000000000089e-01 1.289621453380810578e+02 2.407232666680766044e+02
8.000000000000000444e-01 1.193332146713580073e+02 2.407232666680764339e+02
8.399999999999999689e-01 1.097042840046349426e+02 2.407232666680768034e+02
8.800000000000000044e-01 1.000753533379118636e+02 2.407232666680768034e+02
9.200000000000000400e-01 9.044642267118879886e+01 2.407232666680766044e+02
9.599999999999999645e-01 8.081749200446573411e+01 2.407232666680769739e+02
1.000000000000000000e+00 7.118856133774264094e+01 2.250310062824911199e+02
1.040000000000000036e+00 6.281501150186644367e+01 2.250310062824907789e+02
1.080000000000000071e+00 5.318608083514337892e+01 2.385155356088719429e+02
1.120000000000000107e+00 4.373376865315668738e+01 2.204199676812974644e+02
1.159999999999999920e+00 3.555248342063958233e+01 2.026690412041476463e+02
1.199999999999999956e+00 2.752024535682487638e+01 2.018515841588450144e+02
1.239999999999999991e+00 1.940435668793197976e+01 1.991193657358885218e+02
1.280000000000000027e+00 1.159069609795379385e+01 1.897963770144153273e+02
1.320000000000000062e+00 4.220646526778755181e+00 1.442271021518146767e+02
1.360000000000000098e+00 5.252792580861787020e-02 8.211604359533602349e+01
1.400000000000000133e+00 -2.348636960848126343e+00 6.889690877269050873e+01
1.439999999999999947e+00 -5.459224776006623259e+00 6.181199836909212308e+01
1.479999999999999982e+00 -7.293596830375496332e+00 1.946725155584564249e+01
1.520000000000000018e+00 -7.016604900474274764e+00 -4.715412313491453489e+01
1.560000000000000053e+00 -3.521266979582333256e+00 -1.193345194511580729e+02
1.600000000000000089e+00 2.530156655618370998e+00 -2.039890793817693577e+02
1.640000000000000124e+00 1.279785937095921611e+01 -2.975098327920049996e+02
1.679999999999999938e+00 2.633094327897877207e+01 -3.964189648349968706e+02
1.719999999999999973e+00 4.451137655775896462e+01 -5.018069627474607159e+02
1.760000000000000009e+00 6.647550029877562849e+01 -5.888685936821234463e+02
1.800000000000000044e+00 9.162086405232884090e+01 -6.497388353616182712e+02
1.840000000000000080e+00 1.184546071277050885e+02 -6.827670247315278402e+02
1.880000000000000115e+00 1.462422260308510715e+02 -6.827670247315278402e+02
1.919999999999999929e+00 1.730759691062273191e+02 -6.708435768844061613e+02
1.959999999999999964e+00 1.999097121816035667e+02 -6.708435768844061613e+02
2.000000000000000000e+00 2.267434552569798143e+02 -6.708435768844058202e+02
2.040000000000000036e+00 2.535771983323560335e+02 -6.708435768844061613e+02
2.080000000000000071e+00 2.804109414077323095e+02 -6.708435768844068434e+02
2.120000000000000107e+00 3.072446844831085855e+02 -6.708435768844076392e+02
2.160000000000000142e+00 3.340784275584849183e+02 -6.708435768844068434e+02
2.200000000000000178e+00 3.609121706338611375e+02 -6.708435768844054792e+02
2.240000000000000213e+00 3.877459137092373567e+02 -6.708435768844054792e+02
2.280000000000000249e+00 4.145796567846135758e+02 -6.708435768844054792e+02
2.319999999999999840e+00 4.414133998599897950e+02 -6.708435768844054792e+02
2.359999999999999876e+00 4.682471429353660142e+02 -6.708435768844054792e+02
2.399999999999999911e+00 4.950808860107422333e+02 -6.708435768844068434e+02
2.439999999999999947e+00 5.219146290861185662e+02 -6.708435768844068434e+02
2.479999999999999982e+00 5.487483721614947854e+02 -6.708435768844054792e+02
2.520000000000000018e+00 5.755821152368710045e+02 -6.708435768844068434e+02
2.560000000000000053e+00 6.024158583122473374e+02 -6.708435768844083213e+02
2.600000000000000089e+00 6.292496013876236702e+02 -6.708435768844054792e+02
2.640000000000000124e+00 6.560833444629997757e+02 -6.708435768844054792e+02
2.680000000000000160e+00 6.829170875383761086e+02 -6.708435768844068434e+02
2.720000000000000195e+00 7.097508306137523277e+02 -6.708435768844054792e+02
2.760000000000000231e+00 7.365845736891285469e+02 -6.708435768844068434e+02
2.800000000000000266e+00 7.634183167645048798e+02 -6.708435768844068434e+02
2.839999999999999858e+00 7.902520598398810989e+02 -6.708435768844054792e+02
2.879999999999999893e+00 8.170858029152573181e+02 -6.708435768844068434e+02
2.919999999999999929e+00 8.439195459906336509e+02 -6.708435768844068434e+02
2.959999999999999964e+00 8.707532890660098701e+02 -6.708435768844054792e+02
3.000000000000000000e+00 8.975870321413860893e+02 -6.708435768844068434e+02
3.040000000000000036e+00 9.244207752167624221e+02 -6.708435768844054792e+02
3.080000000000000071e+00 9.512545182921385276e+02 -6.708435768844054792e+02
3.120000000000000107e+00 9.780882613675148605e+02 -6.708435768844083213e+02
3.160000000000000142e+00 1.004922004442891193e+03 -6.708435768844054792e+02
3.200000000000000178e+00 1.031755747518267299e+03 -6.708435768844054792e+02
3.240000000000000213e+00 1.058589490593643632e+03 -6.708435768844083213e+02
3.280000000000000249e+00 1.085423233669019965e+03 -6.708435768844054792e+02
3.320000000000000284e+00 1.112256976744396070e+03 -6.708435768844054792e+02
3.359999999999999876e+00 1.139090719819772403e+03 -6.708435768844083213e+02
3.399999999999999911e+00 1.165924462895148736e+03 -6.708435768844054792e+02
3.439999999999999947e+00 1.192758205970524841e+03 -6.708435768844054792e+02
3.479999999999999982e+00 1.219591949045901174e+03 -6.708435768844054792e+02
3.520000000000000018e+00 1.246425692121277280e+03 -6.708435768844054792e+02
3.560000000000000053e+00 1.273259435196653612e+03 -6.708435768844083213e+02
3.600000000000000089e+00 1.300093178272029945e+03 -6.708435768844054792e+02
3.640000000000000124e+00 1.326926921347406051e+03 -6.708435768844026370e+02
3.680000000000000160e+00 1.353760664422782156e+03 -6.708435768844054792e+02
3.720000000000000195e+00 1.380594407498158489e+03 -6.708435768844083213e+02
3.760000000000000231e+00 1.407428150573534822e+03 -6.708435768844054792e+02
3.800000000000000266e+00 1.434261893648910927e+03 -6.708435768844054792e+02
3.839999999999999858e+00 1.461095636724287260e+03 -6.708435768844054792e+02
3.879999999999999893e+00 1.487929379799663366e+03 -6.708435768844054792e+02
3.919999999999999929e+00 1.514763122875039699e+03 -6.708435768844083213e+02
3.959999999999999964e+00 1.541596865950416031e+03 -6.708435768844083213e+02
