0.000000000000000000e+00 8.790675246488554251e+01 3.650654768265576333e+00
3.173325912716962877e-02 8.779090529114033359e+01 7.301309536530480315e+00
6.346651825433925753e-02 8.744336376990474946e+01 1.460261907306028917e+01
9.519977738150889324e-02 8.686412790117879013e+01 2.190392860959009980e+01
1.269330365086785151e-01 8.605319768496245558e+01 2.555458337785522716e+01
1.586662956358481369e-01 8.524226746874610683e+01 2.555458337785567480e+01
1.903995547630177865e-01 8.443133725252974386e+01 2.555458337785589862e+01
2.221328138901874083e-01 8.362040703631338090e+01 2.555458337785567480e+01
2.538660730173570301e-01 8.280947682009703215e+01 2.555458337785545098e+01
2.855993321445266520e-01 8.199854660388068339e+01 2.555458337785567480e+01
3.173325912716962738e-01 8.118761638766432043e+01 2.555458337785567480e+01
3.490658503988658956e-01 8.037668617144797167e+01 2.555458337785545098e+01
3.807991095260355729e-01 7.956575595523162292e+01 2.555458337785545098e+01
4.125323686532051948e-01 7.875482573901527417e+01 2.555458337785545098e+01
4.442656277803748166e-01 7.794389552279892541e+01 2.555458337785545098e+01
4.759988869075444384e-01 7.713296530658257666e+01 2.555458337785567480e+01
5.077321460347140603e-01 7.632203509036621369e+01 2.555458337785567480e+01
5.394654051618836821e-01 7.551110487414986494e+01 2.555458337785545098e+01
5.711986642890533039e-01 7.470017465793351619e+01 2.555458337785567480e+01
6.029319234162229257e-01 7.388924444171715322e+01 2.555458337785567480e+01
6.346651825433925476e-01 7.307831422550080447e+01 2.555458337785545098e+01
6.663984416705621694e-01 7.226738400928445571e+01 2.555458337785545098e+01
6.981317007977317912e-01 7.145645379306810696e+01 2.555458337785545098e+01
7.298649599249014130e-01 7.064552357685175821e+01 2.555458337785567480e+01
7.615982190520711459e-01 6.983459336063539524e+01 2.555458337785589862e+01
7.933314781792407677e-01 6.902366314441903228e+01 2.555458337785567480e+01
8.250647373064103896e-01 6.821273292820268352e+01 2.555458337785545098e+01
8.567979964335800114e-01 6.740180271198633477e+01 2.555458337785545098e+01
8.885312555607496332e-01 6.659087249576998602e+01 2.555458337785567480e+01
9.202645146879192550e-01 6.577994227955362305e+01 2.555458337785567480e+01
9.519977738150888769e-01 6.496901206333727430e+01 2.555458337785545098e+01
9.837310329422584987e-01 6.415808184712092554e+01 2.555458337785533729e+01
1.015464292069428121e+00 6.334715163090458390e+01 2.555458337785556111e+01
1.047197551196597853e+00 6.253622141468822093e+01 2.555458337785578493e+01
1.078930810323767364e+00 6.172529119847186507e+01 2.555458337785556111e+01
1.110664069450937097e+00 6.091436098225551632e+01 2.555458337785545098e+01
1.142397328578106608e+00 6.010343076603916757e+01 2.555458337785567480e+01
1.174130587705276341e+00 5.929250054982280460e+01 2.555458337785567480e+01
1.205863846832445851e+00 5.848157033360645585e+01 2.555458337785545098e+01
1.237597105959615584e+00 5.767064011739010709e+01 2.555458337785545098e+01
1.269330365086785095e+00 5.685970990117375834e+01 2.555458337785556111e+01
1.301063624213954828e+00 5.604877968495740248e+01 2.555458337785556111e+01
1.332796883341124339e+00 5.523784946874105373e+01 2.595448297328692888e+01
1.364530142468294072e+00 5.440153901755135024e+01 1.865317343675678430e+01
1.396263401595463582e+00 5.405399749631577322e+01 -1.441127747933642489e+01
1.427996660722633315e+00 5.531617262276200364e+01 -4.850353554559224456e+00
1.459729919849802826e+00 5.436183254872620552e+01 9.336819131682256412e+00
1.491463178976972559e+00 5.472359722090362766e+01 1.329470903032471796e+01
1.523196438104142292e+00 5.351806365536697285e+01 3.504243736238674245e+01
1.554929697231311803e+00 5.249957573036716951e+01 4.421628488828674364e+01
1.586662956358481535e+00 5.071181000336545708e+01 4.317104735691365391e+01
1.618396215485651046e+00 4.975965966523066442e+01 7.086047975029795509e+01
1.650129474612820779e+00 4.621454207178193485e+01 7.455345740968630253e+01
1.681862733739990290e+00 4.502801129961470394e+01 8.208749151766667751e+01
1.713595992867160023e+00 4.100473479292302414e+01 1.028843680824144968e+02
1.745329251994329534e+00 3.849829867462598543e+01 6.637846836964345698e+01
1.777062511121499266e+00 3.679192451844596690e+01 6.560808390516505995e+01
1.808795770248668777e+00 3.433438201982660587e+01 8.888225346668060922e+01
1.840529029375838510e+00 3.115087735631607302e+01 9.638796483026818862e+01
1.872262288503008021e+00 2.821697349042777958e+01 8.843333780007127132e+01
1.903995547630177754e+00 2.553832130853569993e+01 6.731132512243507904e+01
1.935728806757347265e+00 2.394495804582098941e+01 5.421880691718873635e+01
1.967462065884516997e+00 2.209724240959744535e+01 7.138578774870005361e+01
1.999195325011686508e+00 1.941435064456772963e+01 6.566456547741428551e+01
2.030928584138856241e+00 1.792974106606187590e+01 5.934970722211093630e+01
2.062661843266025752e+00 1.564763136776593555e+01 5.817569260777954554e+01
2.094395102393195707e+00 1.423753240921140595e+01 5.499686749265678287e+01
2.126128361520365218e+00 1.215717167311175650e+01 5.834418097268435588e+01
2.157861620647534728e+00 1.053463038247406125e+01 4.694540943327080385e+01
2.189594879774704239e+00 9.177709988357644733e+00 4.462143981742456589e+01
2.221328138901874194e+00 7.702662957766584384e+00 4.132068868262154382e+01
2.253061398029043705e+00 6.555229745800175145e+00 2.921093375447325258e+01
2.284794657156213216e+00 5.848746697412012807e+00 2.134147006852364470e+01
2.316527916283382726e+00 5.200760946121784301e+00 1.285769768389044110e+01
2.348261175410552681e+00 5.032713392648604511e+00 8.081328207489356430e+00
2.379994434537722192e+00 4.687867181921854254e+00 4.361781010285275428e+00
2.411727693664891703e+00 4.755886338537903768e+00 -4.790742311699757394e+00
2.443460952792061214e+00 4.991918916299182385e+00 -3.024272950867274101e+00
2.475194211919231169e+00 4.947826412980226074e+00 -1.054796820555312875e+00
2.506927471046400679e+00 5.058863197965575154e+00 -1.966398394388228166e+00
2.538660730173570190e+00 5.072626872572969958e+00 -2.352979163255330519e+00
2.570393989300740145e+00 5.208198592982399511e+00 -1.895573797965880880e+00
2.602127248427909656e+00 5.192932341624018733e+00 4.124934595186875441e+00
2.633860507555079167e+00 4.946403356199016166e+00 8.716083673882712546e+00
2.665593766682248678e+00 4.639752858029193128e+00 3.501290863074820958e+00
2.697327025809418632e+00 4.724188615723926787e+00 9.286042191214967545e+00
2.729060284936588143e+00 4.050400091789883916e+00 1.889725389335698935e+01
2.760793544063757654e+00 3.524845706544301738e+00 2.783609885057003197e+01
2.792526803190927165e+00 2.283739815960589059e+00 2.540565651506674527e+01
2.824260062318097120e+00 1.912437143567345066e+00 1.790637342470218130e+01
2.855993321445266631e+00 1.147284640132712807e+00 1.622102380309871350e+01
2.887726580572436141e+00 8.829452402639088593e-01 1.369617444727024491e+01
2.919459839699605652e+00 2.780361345604208667e-01 5.664762196154987883e+00
2.951193098826775607e+00 5.234225069351473580e-01 1.380820655298489186e+00
2.982926357953945118e+00 1.904002552349506050e-01 -8.620039544849666058e+00
3.014659617081114629e+00 1.070506404061474903e+00 -3.308388165125784042e+01
3.046392876208284584e+00 2.290119033978905705e+00 -5.664092389768608626e+01
3.078126135335454094e+00 4.665308634556609491e+00 -7.774578082415963820e+01
3.109859394462623605e+00 7.224373051853292260e+00 -7.936591622670979973e+01
3.141592653589793116e+00 9.702387005531447173e+00 -7.808885761615673005e+01
