0.000000000000000000e+00 3.132844415252243380e+02 3.434284241586453845e+01
4.000000000000000083e-02 3.119107278285897564e+02 6.868568483173120853e+01
8.000000000000000167e-02 3.077895867386858413e+02 1.373713696634617065e+02
1.199999999999999956e-01 3.009210182555128199e+02 2.060570544951907834e+02
1.600000000000000033e-01 2.913050223790705786e+02 2.403998969110567430e+02
2.000000000000000111e-01 2.816890265026282805e+02 2.403998969110574535e+02
2.399999999999999911e-01 2.720730306261859823e+02 2.403998969110567430e+02
2.800000000000000266e-01 2.624570347497437410e+02 2.403998969110567430e+02
3.200000000000000067e-01 2.528410388733014429e+02 2.403998969110577946e+02
3.599999999999999867e-01 2.432250429968591163e+02 2.403998969110577946e+02
4.000000000000000222e-01 2.336090471204168182e+02 2.403998969110570840e+02
4.400000000000000022e-01 2.239930512439745485e+02 2.403998969110567430e+02
4.799999999999999822e-01 2.143770553675322788e+02 2.403998969110567430e+02
5.200000000000000178e-01 2.047610594910900090e+02 2.403998969110567430e+02
5.600000000000000533e-01 1.951450636146477393e+02 2.403998969110570840e+02
5.999999999999999778e-01 1.855290677382054412e+02 2.403998969110570840e+02
6.400000000000000133e-01 1.759130718617631715e+02 2.403998969110567430e+02
6.800000000000000488e-01 1.662970759853209017e+02 2.403998969110567430e+02
7.199999999999999734e-01 1.566810801088786320e+02 2.403998969110567430e+02
7.600000000000000089e-01 1.470650842324363623e+02 2.403998969110570840e+02
8.000000000000000444e-01 1.374490883559940642e+02 2.403998969110569135e+02
8.399999999999999689e-01 1.278330924795518087e+02 2.403998969110565724e+02
8.800000000000000044e-01 1.182170966031095389e+02 2.403998969110569135e+02
9.200000000000000400e-01 1.086011007266672550e+02 2.403998969110570840e+02
9.599999999999999645e-01 9.898510485022497107e+01 2.403998969110572830e+02
1.000000000000000000e+00 8.936910897378267293e+01 2.403998969110569135e+02
1.040000000000000036e+00 7.975311309734041743e+01 2.403998969110569135e+02
1.080000000000000071e+00 7.013711722089811929e+01 2.403998969110570840e+02
1.120000000000000107e+00 6.052112134445584957e+01 2.164558790639686663e+02
1.159999999999999920e+00 5.282064689578062655e+01 2.164558790639687516e+02
1.199999999999999956e+00 4.320465101933834973e+01 2.295731626857956655e+02
1.239999999999999991e+00 3.445479388091697359e+01 2.101295274020132240e+02
1.280000000000000027e+00 2.639428882717729152e+01 1.957875076043932836e+02
1.320000000000000062e+00 1.879179327256550991e+01 1.886721355839068792e+02
1.360000000000000098e+00 1.130051798046474154e+01 1.761880817937937138e+02
1.400000000000000133e+00 4.696746729062011738e+00 1.726254281987329477e+02
1.439999999999999947e+00 -2.509516275433894883e+00 1.257606272708911490e+02
1.479999999999999982e+00 -5.364103452609279010e+00 3.768998380406492998e+01
1.520000000000000018e+00 -5.524714979759089317e+00 -5.880769845712674027e+01
1.560000000000000053e+00 -6.594875760391394337e-01 -1.738762251263870837e+02
1.600000000000000089e+00 8.385383030351878375e+00 -2.827021706508749617e+02
1.640000000000000124e+00 2.195668607603085576e+01 -3.861594344057361923e+02
1.679999999999999938e+00 3.927813778281077361e+01 -4.745940805085616034e+02
1.719999999999999973e+00 5.992421251671578375e+01 -5.436705971256939165e+02
1.760000000000000009e+00 8.277178555286629091e+01 -5.846585548256689435e+02
1.800000000000000044e+00 1.066968969027692964e+02 -5.846585548256689435e+02
1.840000000000000080e+00 1.295444699389198036e+02 -5.711893259037632333e+02
1.880000000000000115e+00 1.523920429750703534e+02 -5.711893259037633470e+02
1.919999999999999929e+00 1.752396160112208747e+02 -5.711893259037630060e+02
1.959999999999999964e+00 1.980871890473713961e+02 -5.711893259037630060e+02
2.000000000000000000e+00 2.209347620835219175e+02 -5.711893259037630060e+02
2.040000000000000036e+00 2.437823351196724389e+02 -5.711893259037633470e+02
2.080000000000000071e+00 2.666299081558229886e+02 -5.711893259037636881e+02
2.120000000000000107e+00 2.894774811919735384e+02 -5.711893259037636881e+02
2.160000000000000142e+00 3.123250542281240882e+02 -5.711893259037630060e+02
2.200000000000000178e+00 3.351726272642745812e+02 -5.711893259037623238e+02
2.240000000000000213e+00 3.580202003004250741e+02 -5.711893259037623238e+02
2.280000000000000249e+00 3.808677733365755671e+02 -5.711893259037623238e+02
2.319999999999999840e+00 4.037153463727260601e+02 -5.711893259037630060e+02
2.359999999999999876e+00 4.265629194088766099e+02 -5.711893259037630060e+02
2.399999999999999911e+00 4.494104924450271028e+02 -5.711893259037623238e+02
2.439999999999999947e+00 4.722580654811775958e+02 -5.711893259037623238e+02
2.479999999999999982e+00 4.951056385173280887e+02 -5.711893259037636881e+02
2.520000000000000018e+00 5.179532115534786954e+02 -5.711893259037636881e+02
2.560000000000000053e+00 5.408007845896291883e+02 -5.711893259037623238e+02
2.600000000000000089e+00 5.636483576257796813e+02 -5.711893259037623238e+02
2.640000000000000124e+00 5.864959306619301742e+02 -5.711893259037636881e+02
2.680000000000000160e+00 6.093435036980807809e+02 -5.711893259037636881e+02
2.720000000000000195e+00 6.321910767342312738e+02 -5.711893259037608459e+02
2.760000000000000231e+00 6.550386497703816531e+02 -5.711893259037636881e+02
2.800000000000000266e+00 6.778862228065323734e+02 -5.711893259037651660e+02
2.839999999999999858e+00 7.007337958426828664e+02 -5.711893259037608459e+02
2.879999999999999893e+00 7.235813688788332456e+02 -5.711893259037608459e+02
2.919999999999999929e+00 7.464289419149837386e+02 -5.711893259037636881e+02
2.959999999999999964e+00 7.692765149511343452e+02 -5.711893259037636881e+02
3.000000000000000000e+00 7.921240879872848382e+02 -5.711893259037636881e+02
3.040000000000000036e+00 8.149716610234354448e+02 -5.711893259037636881e+02
3.080000000000000071e+00 8.378192340595859378e+02 -5.711893259037623238e+02
3.120000000000000107e+00 8.606668070957364307e+02 -5.711893259037623238e+02
3.160000000000000142e+00 8.835143801318869237e+02 -5.711893259037636881e+02
3.200000000000000178e+00 9.063619531680375303e+02 -5.711893259037636881e+02
3.240000000000000213e+00 9.292095262041880233e+02 -5.711893259037623238e+02
3.280000000000000249e+00 9.520570992403385162e+02 -5.711893259037636881e+02
3.320000000000000284e+00 9.749046722764891229e+02 -5.711893259037636881e+02
3.359999999999999876e+00 9.977522453126396158e+02 -5.711893259037636881e+02
3.399999999999999911e+00 1.020599818348790222e+03 -5.711893259037623238e+02
3.439999999999999947e+00 1.043447391384940602e+03 -5.711893259037623238e+02
3.479999999999999982e+00 1.066294964421091208e+03 -5.711893259037651660e+02
3.520000000000000018e+00 1.089142537457241815e+03 -5.711893259037623238e+02
3.560000000000000053e+00 1.111990110493392194e+03 -5.711893259037623238e+02
3.600000000000000089e+00 1.134837683529542801e+03 -5.711893259037623238e+02
3.640000000000000124e+00 1.157685256565693180e+03 -5.711893259037623238e+02
3.680000000000000160e+00 1.180532829601843787e+03 -5.711893259037651660e+02
3.720000000000000195e+00 1.203380402637994393e+03 -5.711893259037651660e+02
3.760000000000000231e+00 1.226227975674145000e+03 -5.711893259037651660e+02
3.800000000000000266e+00 1.249075548710295607e+03 -5.711893259037623238e+02
3.839999999999999858e+00 1.271923121746445986e+03 -5.711893259037623238e+02
3.879999999999999893e+00 1.294770694782596593e+03 -5.711893259037623238e+02
3.919999999999999929e+00 1.317618267818746972e+03 -5.711893259037623238e+02
3.959999999999999964e+00 1.340465840854897579e+03 -5.711893259037651660e+02
