1.000000000000000021e-03 1.226368880156483669e+02 2.150449234179703240e+01
4.100000000000000172e-02 1.217767083219764856e+02 4.300898468359406479e+01
8.100000000000000255e-02 1.191961692409608418e+02 8.601796936718830011e+01
1.209999999999999964e-01 1.148952707726014211e+02 1.075224617089855172e+02
1.610000000000000042e-01 1.105943723042420004e+02 1.075224617089856878e+02
2.010000000000000120e-01 1.062934738358825655e+02 1.075224617089855172e+02
2.409999999999999920e-01 1.019925753675231590e+02 1.075224617089853325e+02
2.810000000000000275e-01 9.769167689916373831e+01 1.075224617089855172e+02
3.210000000000000075e-01 9.339077843080431762e+01 1.075224617089853325e+02
3.609999999999999876e-01 8.908987996244491114e+01 1.075224617089853325e+02
4.010000000000000231e-01 8.478898149408549045e+01 1.075224617089855172e+02
4.410000000000000031e-01 8.048808302572606976e+01 1.075224617089853325e+02
4.809999999999999831e-01 7.618718455736666328e+01 1.075224617089855172e+02
5.210000000000000187e-01 7.188628608900722838e+01 1.075224617089855172e+02
5.610000000000000542e-01 6.758538762064782190e+01 1.075224617089854320e+02
6.009999999999999787e-01 6.328448915228839411e+01 1.075224617089855172e+02
6.410000000000000142e-01 5.898359068392898052e+01 1.075224617089854320e+02
6.810000000000000497e-01 5.468269221556955983e+01 1.075224617089855172e+02
7.209999999999999742e-01 5.038179374721013914e+01 1.075224617089854320e+02
7.610000000000000098e-01 4.608089527885072556e+01 1.075224617089853325e+02
8.010000000000000453e-01 4.177999681049131198e+01 1.075224617089854320e+02
8.409999999999999698e-01 3.747909834213189129e+01 1.075224617089855172e+02
8.810000000000000053e-01 3.317819987377247060e+01 1.073472546722602061e+02
9.210000000000000409e-01 2.889131796835107480e+01 1.101556422372992046e+02
9.609999999999999654e-01 2.436574849478853366e+01 1.103308492740245583e+02
1.000999999999999890e+00 2.006485002642910942e+01 1.029457734678014305e+02
1.040999999999999925e+00 1.613008661736441951e+01 9.155203644148537023e+01
1.080999999999999961e+00 1.274068711111027952e+01 7.785463795199041215e+01
1.120999999999999996e+00 9.901715581205186467e+00 6.032084388738333303e+01
1.160999999999999810e+00 7.915019600119612697e+00 4.448599211643888651e+01
1.200999999999999845e+00 6.342836211890075404e+00 3.645438768172694921e+01
1.240999999999999881e+00 4.998668585581456547e+00 3.227832825335976707e+01
1.280999999999999917e+00 3.760569951621294038e+00 2.914824133987143284e+01
1.320999999999999952e+00 2.666809278391741866e+00 2.570485080374975695e+01
1.360999999999999988e+00 1.704181887321313704e+00 2.275282382689047367e+01
1.401000000000000023e+00 8.465833722405041728e-01 1.945138042332472850e+01
1.440999999999999837e+00 1.480714534553354278e-01 1.592651608238889160e+01
1.480999999999999872e+00 -4.275379143506071178e-01 1.321630297246411168e+01
1.520999999999999908e+00 -9.092327843417934430e-01 1.136052981540453288e+01
1.560999999999999943e+00 -1.336380299582969666e+00 1.002198608788926926e+01
1.600999999999999979e+00 -1.710991671372934952e+00 8.348953716978618544e+00
1.641000000000000014e+00 -2.004296596941259168e+00 5.956236909983697814e+00
1.680999999999999828e+00 -2.187490624171630760e+00 3.584901079707969451e+00
1.720999999999999863e+00 -2.291088683317896724e+00 1.643214641581253188e+00
1.760999999999999899e+00 -2.318947795498131015e+00 -4.199956246687341910e-01
1.800999999999999934e+00 -2.257489033344397988e+00 -2.194402527811956105e+00
1.840999999999999970e+00 -2.143395593273174526e+00 -2.708797068124990659e+00
1.881000000000000005e+00 -2.040785267894398736e+00 -2.660584760339293364e+00
1.920999999999999819e+00 -1.930548812446031048e+00 -2.734497558315890142e+00
1.960999999999999854e+00 -1.822025463229127507e+00 -2.622532673843611217e+00
2.000999999999999890e+00 -1.720746198538542160e+00 -2.278077795613556056e+00
2.040999999999999925e+00 -1.639779239580043013e+00 -2.159002421491118540e+00
2.080999999999999961e+00 -1.548026004819252677e+00 -1.859610390267249391e+00
2.120999999999999996e+00 -1.491010408358663053e+00 -1.338282526824641216e+00
2.161000000000000032e+00 -1.440963402673281379e+00 -1.269790391205954938e+00
2.201000000000000068e+00 -1.389427177062186658e+00 -1.342450573215420162e+00
2.241000000000000103e+00 -1.333567356816047766e+00 -1.213477170404619887e+00
2.281000000000000139e+00 -1.292349003429817067e+00 -1.222218083435594460e+00
2.320999999999999730e+00 -1.235789910141200210e+00 -1.646286503086125119e+00
2.360999999999999766e+00 -1.160646083182927057e+00 -1.823984135922601668e+00
2.400999999999999801e+00 -1.089871179267392076e+00 -1.816593262454577085e+00
2.440999999999999837e+00 -1.015318622186560882e+00 -1.787006525262726964e+00
2.480999999999999872e+00 -9.469106572463739102e-01 -1.714305013104712394e+00
2.520999999999999908e+00 -8.781742211381838858e-01 -1.727443018481550352e+00
2.560999999999999943e+00 -8.087152157678498821e-01 -1.926212678627943431e+00
2.600999999999999979e+00 -7.240772068479484069e-01 -2.249074071761172799e+00
2.641000000000000014e+00 -6.287892900269560492e-01 -2.540368782888887011e+00
2.681000000000000050e+00 -5.208477042168374593e-01 -2.670545812822630705e+00
2.721000000000000085e+00 -4.151456250011456017e-01 -2.408156399465904318e+00
2.761000000000000121e+00 -3.281951922595651161e-01 -1.898793544526711896e+00
2.801000000000000156e+00 -2.632421414390086478e-01 -1.415649775336285110e+00
2.840999999999999748e+00 -2.149432102326623018e-01 -1.003060572578375664e+00
2.880999999999999783e+00 -1.829972956327385880e-01 -6.281112362266378923e-01
2.920999999999999819e+00 -1.646943113345312737e-01 -3.455577756148693336e-01
2.960999999999999854e+00 -1.553526735835490391e-01 -1.178830026485090665e-01
3.000999999999999890e+00 -1.552636711226505484e-01 1.199970864005583948e-01
3.040999999999999925e+00 -1.649524404955937107e-01 3.095423206438376873e-01
3.080999999999999961e+00 -1.800270567741575622e-01 3.244328125782479089e-01
3.120999999999999996e+00 -1.909070655018535456e-01 2.882139312849054669e-01
3.161000000000000032e+00 -2.030841712769499985e-01 3.521992126705907888e-01
3.201000000000000068e+00 -2.190830025155008076e-01 4.356613635710937515e-01
3.241000000000000103e+00 -2.379370803626374986e-01 3.565320769728933525e-01
3.281000000000000139e+00 -2.476055686733322769e-01 2.124271761701351791e-01
3.321000000000000174e+00 -2.549312544562483129e-01 1.602954404688911039e-01
3.360999999999999766e+00 -2.604292039108435652e-01 7.421739015890313484e-02
3.400999999999999801e+00 -2.608686456689605637e-01 -7.083473027073919348e-02
3.440999999999999837e+00 -2.547624254891844298e-01 -1.739984878655117251e-01
3.480999999999999872e+00 -2.469487666397196246e-01 -2.399563095536058621e-01
3.520999999999999908e+00 -2.355659207248959608e-01 -3.959347605203219489e-01
3.560999999999999943e+00 -2.152739857980938698e-01 -5.373673564847011308e-01
3.600999999999999979e+00 -1.925765322061198659e-01 -5.891906583712275269e-01
3.641000000000000014e+00 -1.681387331283956676e-01 -6.176771368060847145e-01
3.681000000000000050e+00 -1.431623612616330921e-01 -6.245472318841357451e-01
3.721000000000000085e+00 -1.181749545776648036e-01 -5.867943966650971399e-01
3.761000000000000121e+00 -9.621880952842531975e-02 -5.637430042519431250e-01
3.801000000000000156e+00 -7.307551423750935360e-02 -5.702492367127450779e-01
3.840999999999999748e+00 -5.059887059140571325e-02 -5.161530198109408607e-01
3.880999999999999783e+00 -3.178327265263408696e-02 -4.125758828269898149e-01
3.920999999999999819e+00 -1.759279996524652778e-02 -3.064129978660821152e-01
3.960999999999999854e+00 -7.270232823347518372e-03 -2.199099995655816042e-01
4.001000000000000334e+00 -2.168404344971008868e-19 -1.817558205836879437e-01
