0.000000000000000000e+00 3.828784300463017303e+02 4.553995813897415701e+01
1.578689775673262907e-02 3.821497907160781438e+02 9.107991627794653766e+01
3.157379551346525814e-02 3.799638727254074411e+02 1.821598325558930753e+02
4.736069327019788722e-02 3.763206760742895653e+02 2.732397488338413609e+02
6.314759102693051629e-02 3.712202007627245166e+02 3.187797069728173369e+02
7.893448878366314536e-02 3.661197254511594110e+02 3.187797069728173369e+02
9.472138654039577443e-02 3.610192501395943623e+02 3.187797069728155179e+02
1.105082842971284035e-01 3.559187748280293135e+02 3.187797069728137558e+02
1.262951820538610326e-01 3.508182995164643216e+02 3.187797069728137558e+02
1.420820798105936755e-01 3.457178242048992729e+02 3.187797069728155179e+02
1.578689775673262907e-01 3.406173488933342242e+02 3.187797069728155179e+02
1.736558753240589059e-01 3.355168735817691754e+02 3.187797069728173369e+02
1.894427730807915489e-01 3.304163982702040698e+02 3.187797069728173369e+02
2.052296708375241918e-01 3.253159229586390211e+02 3.187797069728155179e+02
2.210165685942568070e-01 3.202154476470739723e+02 3.187797069728155179e+02
2.368034663509894222e-01 3.151149723355089236e+02 3.187797069728137558e+02
2.525903641077220652e-01 3.100144970239439317e+02 3.187797069728137558e+02
2.683772618644547081e-01 3.049140217123788830e+02 3.187797069728155179e+02
2.841641596211873511e-01 2.998135464008138342e+02 3.187797069728155179e+02
2.999510573779199385e-01 2.947130710892487855e+02 3.187797069728155179e+02
3.157379551346525814e-01 2.896125957776837367e+02 3.187797069728155179e+02
3.315248528913852244e-01 2.845121204661186880e+02 3.187797069728155179e+02
3.473117506481178118e-01 2.794116451545536393e+02 3.187797069728155179e+02
3.630986484048504548e-01 2.743111698429885905e+02 3.187797069728155179e+02
3.788855461615830977e-01 2.692106945314235418e+02 3.187797069728155179e+02
3.946724439183157407e-01 2.641102192198584930e+02 3.187797069728155179e+02
4.104593416750483836e-01 2.590097439082934443e+02 3.187797069728155179e+02
4.262462394317809711e-01 2.539092685967283956e+02 3.187797069728155179e+02
4.420331371885136140e-01 2.488087932851633468e+02 3.187797069728155179e+02
4.578200349452462570e-01 2.437083179735982981e+02 3.187797069728155179e+02
4.736069327019788444e-01 2.386078426620332493e+02 3.187797069728155179e+02
4.893938304587114874e-01 2.335073673504682006e+02 3.187797069728155179e+02
5.051807282154441303e-01 2.284068920389031518e+02 3.187797069728155179e+02
5.209676259721767178e-01 2.233064167273381031e+02 3.187797069728155179e+02
5.367545237289094162e-01 2.182059414157730544e+02 3.187797069728146653e+02
5.525414214856420037e-01 2.131054661042080340e+02 3.187797069728146653e+02
5.683283192423747021e-01 2.080049907926429853e+02 3.187797069728164274e+02
5.841152169991072896e-01 2.029045154810779081e+02 3.187797069728164274e+02
5.999021147558398770e-01 1.978040401695128594e+02 3.187797069728155179e+02
6.156890125125725755e-01 1.927035648579478107e+02 3.187797069728155179e+02
6.314759102693051629e-01 1.876030895463827619e+02 3.187797069728146653e+02
6.472628080260377503e-01 1.825026142348177416e+02 3.187797069728137558e+02
6.630497057827704488e-01 1.774021389232527213e+02 3.187797069728155179e+02
6.788366035395030362e-01 1.723016636116876441e+02 3.187797069728173369e+02
6.946235012962356237e-01 1.672011883001225669e+02 3.187797069728155179e+02
7.104103990529683221e-01 1.621007129885575466e+02 3.187797069728137558e+02
7.261972968097009096e-01 1.570002376769925263e+02 3.187797069728155179e+02
7.419841945664336080e-01 1.518997623654274491e+02 3.187797069728164274e+02
7.577710923231661955e-01 1.467992870538624004e+02 3.187797069728146653e+02
7.735579900798987829e-01 1.416988117422973801e+02 3.187797069728155179e+02
7.893448878366314814e-01 1.365983364307323029e+02 3.187797069728155179e+02
8.051317855933640688e-01 1.314978611191672826e+02 3.187797069728151200e+02
8.209186833500967673e-01 1.263973858076022196e+02 3.187797069728155179e+02
8.367055811068293547e-01 1.212969104960371851e+02 3.187797069728155179e+02
8.524924788635619421e-01 1.161964351844721222e+02 3.187797069728164274e+02
8.682793766202946406e-01 1.110959598729070592e+02 3.187797069728159727e+02
8.840662743770272280e-01 1.059954845613420105e+02 3.187797069728151200e+02
8.998531721337598155e-01 1.008950092497769759e+02 3.187797069728151200e+02
9.156400698904925139e-01 9.579453393821192719e+01 3.187797069728151200e+02
9.314269676472251014e-01 9.069405862664689266e+01 3.187797069728155179e+02
9.472138654039576888e-01 8.559358331508182971e+01 3.187797069728159727e+02
9.630007631606903873e-01 8.049310800351678097e+01 3.170574324170969476e+02
9.787876609174229747e-01 7.544774547773472761e+01 3.179893824819597512e+02
9.945745586741556732e-01 7.031744776409406938e+01 3.197116570376783216e+02
1.010361456430888261e+00 6.521697245252902064e+01 3.139437394801349797e+02
1.026148354187620848e+00 6.027124810072974981e+01 2.993827309864582844e+02
1.041935251944353436e+00 5.563672506096235537e+01 2.776022158846462844e+02
1.057722149701086245e+00 5.138797719242106865e+01 2.519668623202817628e+02
1.073509047457818832e+00 4.757378546671333908e+01 2.257818361864867143e+02
1.089295945214551420e+00 4.416295843445349334e+01 1.937062557203754807e+02
1.105082842971284007e+00 4.137518528366132387e+01 1.550866356112265976e+02
1.120869740728016595e+00 3.920018609489424222e+01 1.236559818507734150e+02
1.136656638484749404e+00 3.741819386443657436e+01 1.026711317224655602e+02
1.152443536241481992e+00 3.591470987977534435e+01 8.787407033948224466e+01
1.168230433998214579e+00 3.460622361357314247e+01 7.555948970531622422e+01
1.184017331754947167e+00 3.349680620920522500e+01 6.195845624387974482e+01
1.199804229511679754e+00 3.262355301376899064e+01 5.098142484665623897e+01
1.215591127268412341e+00 3.186540061411222524e+01 4.594214000901042283e+01
1.231378025025145151e+00 3.115340453348065708e+01 3.943949422570147334e+01
1.247164922781877738e+00 3.060333679888977798e+01 2.990924274895412438e+01
1.262951820538610326e+00 3.019630876551412513e+01 2.042829179386129823e+01
1.278738718295342913e+00 2.994963146148621647e+01 1.232981249190312489e+01
1.294525616052075501e+00 2.980175476577322513e+01 6.113568718346340525e+00
1.310312513808808310e+00 2.975399726249913357e+01 -1.072004412325355815e+00
1.326099411565540898e+00 2.983605890696763652e+01 -6.624438115052533327e+00
1.341886309322273485e+00 2.996597928218081464e+01 -1.234185355354644464e+01
1.357673207079006072e+00 3.023099822068112275e+01 -1.853497175833584976e+01
1.373460104835738660e+00 3.055909837844756183e+01 -2.351270023489315619e+01
1.389247002592471247e+00 3.098340462819770380e+01 -3.265997934272757419e+01
1.405033900349204057e+00 3.160421771741484420e+01 -3.607465471800308165e+01
1.420820798105936644e+00 3.213779357917380253e+01 -3.583196778876385480e+01
1.436607695862669232e+00 3.275084068665528747e+01 -4.256199405363014421e+01
1.452394593619401819e+00 3.349977738888996726e+01 -4.287045926856225719e+01
1.468181491376134407e+00 3.412269538324927964e+01 -3.882211480235198309e+01
1.483968389132867216e+00 3.474208506256523066e+01 -3.741431317179433336e+01
1.499755286889599804e+00 3.531995340474669831e+01 -2.870587341066421772e+01
1.515542184646332391e+00 3.566067301170648562e+01 -2.194613934248157250e+01
1.531329082403064978e+00 3.602222986370610869e+01 -2.017710906506753332e+01
1.547115980159797566e+00 3.630634050178864669e+01 -1.108584853361871403e+01
1.562902877916530375e+00 3.637697701678190754e+01 -3.946655541531507438e+00
1.578689775673262963e+00 3.643263347911765493e+01 2.265844534496519458e+00
1.594476673429995550e+00 3.630446999167801891e+01 1.047548028368439077e+01
1.610263571186728138e+00 3.609741811003975442e+01 1.405403358427270710e+01
1.626050468943460725e+00 3.585474091698129229e+01 1.875822067203247556e+01
1.641837366700193535e+00 3.549715504853471515e+01 2.979050838871888374e+01
1.657624264456926122e+00 3.490144464854228801e+01 4.060771414450292838e+01
1.673411162213658709e+00 3.419770819591062150e+01 4.751936131222866777e+01
1.689198059970391297e+00 3.338082508655097058e+01 5.083432023230805186e+01
1.704984957727123884e+00 3.257100994847676390e+01 5.694229355199065168e+01
1.720771855483856472e+00 3.155867169288726970e+01 6.584824020783597120e+01
1.736558753240589281e+00 3.046386626182601276e+01 7.094617772352795271e+01
1.752345650997321869e+00 2.928839400573437501e+01 7.336769220538496938e+01
1.768132548754054456e+00 2.811610011125369368e+01 7.218289710000912862e+01
1.783919446510787044e+00 2.697854129853408267e+01 7.188708191626713528e+01
1.799706344267519631e+00 2.581571348993314530e+01 7.362127194925970741e+01
1.815493242024252440e+00 2.462266059615777181e+01 7.181908711715966831e+01
1.831280139780985028e+00 2.351750270218403571e+01 6.886866921450662460e+01
1.847067037537717615e+00 2.241886318129355971e+01 6.542875529000025381e+01
1.862853935294450203e+00 2.142378253290402768e+01 6.086997187204456594e+01
1.878640833051182790e+00 2.047102408138813345e+01 5.921419946942307888e+01
1.894427730807915378e+00 1.952892814988248915e+01 5.758067142454825671e+01
1.910214628564648187e+00 1.862844259580258921e+01 5.628362774529183099e+01
1.926001526321380775e+00 1.772785206203315056e+01 5.666158196563230831e+01
1.941788424078113362e+00 1.681527197290235520e+01 5.617855739500298995e+01
1.957575321834845949e+00 1.593013822539305480e+01 5.690521951078236640e+01
1.973362219591578537e+00 1.499430494855731943e+01 5.781861431637874915e+01
1.989149117348311346e+00 1.407994256726893489e+01 5.691705102029626318e+01
2.004936015105043712e+00 1.317295931590783908e+01 5.650555070497720322e+01
2.020722912861776521e+00 1.227176494470966439e+01 5.510967413422029892e+01
2.036509810618509331e+00 1.140944974361278952e+01 5.236760857039834605e+01
2.052296708375241696e+00 1.059600147045691720e+01 4.960845340601871101e+01
2.068083606131974506e+00 9.821979234620190624e+00 4.609547428863535856e+01
2.083870503888706871e+00 9.120946293220585588e+00 4.239161295191679102e+01
2.099657401645439680e+00 8.465447620158853326e+00 3.791701879315228751e+01
2.115444299402172490e+00 7.907601691839712288e+00 3.207697644269613590e+01
2.131231197158904855e+00 7.438984373992576948e+00 2.651017936880281667e+01
2.147018094915637665e+00 7.059275952038022162e+00 2.101302950364647515e+01
2.162804992672370030e+00 6.766567429875889772e+00 1.569134888324591515e+01
2.178591890429102840e+00 6.557152787774152891e+00 1.010821455317745254e+01
2.194378788185835649e+00 6.443104564174211291e+00 3.802031410947315226e+00
2.210165685942568015e+00 6.435487782623838804e+00 -1.186992253057739255e+00
2.225952583699300824e+00 6.481088316272058947e+00 -5.001869488253735341e+00
2.241739481456033189e+00 6.595547606247958328e+00 -9.699125995631996844e+00
2.257526379212765999e+00 6.791460348132282832e+00 -1.355458218847399543e+01
2.273313276969498808e+00 7.029294236279126196e+00 -1.674710468621587367e+01
2.289100174726231174e+00 7.327367698091190817e+00 -1.940821812084827869e+01
2.304887072482963983e+00 7.650357216146271178e+00 -2.051544177158010029e+01
2.320673970239696349e+00 7.983861834781754041e+00 -2.119085290727420912e+01
2.336460867996429158e+00 8.328464509179045905e+00 -2.105424153231322393e+01
2.352247765753161524e+00 8.657597563815777164e+00 -1.868640553064726362e+01
2.368034663509894333e+00 8.926429486159758397e+00 -1.643010062775196545e+01
2.383821561266627143e+00 9.183360783903840030e+00 -1.390226705437363997e+01
2.399608459023359508e+00 9.371302031899714891e+00 -9.655996395734611326e+00
2.415395356780092317e+00 9.492352668567347607e+00 -5.947166112781953728e+00
2.431182254536824683e+00 9.561611347508737424e+00 -2.406426811926154485e+00
2.446969152293557492e+00 9.569358326548984550e+00 7.431835464191682838e-01
2.462756050050290302e+00 9.537829474023324039e+00 2.810646191604482258e+00
2.478542947807022667e+00 9.479417648417641118e+00 5.894908191118819474e+00
2.494329845563755477e+00 9.349192411907521816e+00 8.966249294658002356e+00
2.510116743320487842e+00 9.192497670988585057e+00 1.040552373576630885e+01
2.525903641077220652e+00 9.016215652362999933e+00 1.255951101779012546e+01
2.541690538833953461e+00 8.790593318419301028e+00 1.487995004782288788e+01
2.557477436590685826e+00 8.540057250832667535e+00 1.691386102641923017e+01
2.573264334347418636e+00 8.249349765573885662e+00 1.941516809848961600e+01
2.589051232104151001e+00 7.918771871680999830e+00 2.038066177034653137e+01
2.604838129860883811e+00 7.597168588922796673e+00 2.060886600786601619e+01
2.620625027617616620e+00 7.259288159429287290e+00 2.135245921179371109e+01
2.636411925374348986e+00 6.913889894145397896e+00 2.117724715425650572e+01
2.652198823131081795e+00 6.581616250493079079e+00 2.014722269442945191e+01
2.667985720887814161e+00 6.269178767923655471e+00 1.871686634869507060e+01
2.683772618644546970e+00 5.982676527334836791e+00 1.674532954747967395e+01
2.699559516401279780e+00 5.733328222404305841e+00 1.497276052695797866e+01
2.715346414158012145e+00 5.503548190472181467e+00 1.274098687821123477e+01
2.731133311914744954e+00 5.325616642301546300e+00 9.031979093242298973e+00
2.746920209671477320e+00 5.214524859488427921e+00 4.553960273738555387e+00
2.762707107428210129e+00 5.179889913541912527e+00 -3.717188843410379473e-01
2.778494005184942495e+00 5.226419863787341136e+00 -5.523702125315971045e+00
2.794280902941675304e+00 5.356648381552023608e+00 -1.141643820126467190e+01
2.810067800698408114e+00 5.591745886227810658e+00 -1.810755510131276225e+01
2.825854698455140479e+00 5.936090144794031964e+00 -2.497414962045257880e+01
2.841641596211873289e+00 6.390918674082293194e+00 -3.004195412478458138e+01
2.857428493968605654e+00 6.897432676787138561e+00 -3.382953777314826027e+01
2.873215391725338463e+00 7.473463882823037530e+00 -3.733754325297078225e+01
2.889002289482071273e+00 8.092234060882203650e+00 -4.052222234194044148e+01
2.904789187238803638e+00 8.770174997765131764e+00 -4.397976447278684020e+01
2.920576084995536448e+00 9.499586524011382593e+00 -4.567376501410019785e+01
2.936362982752268813e+00 1.023173547821633811e+01 -4.446112980474786980e+01
2.952149880509001623e+00 1.092234267776331436e+01 -4.570367412014169872e+01
2.967936778265734432e+00 1.169425305006087257e+01 -4.802242879473222814e+01
2.983723676022466798e+00 1.245906039919474573e+01 -4.823783510378276418e+01
2.999510573779199607e+00 1.323786377338192111e+01 -4.594079931791711147e+01
3.015297471535931972e+00 1.392916597736809337e+01 -3.949950731574447360e+01
3.031084369292664782e+00 1.450184800748574432e+01 -3.484117395489355573e+01
3.046871267049397591e+00 1.504408354392468716e+01 -3.184914366395308249e+01
3.062658164806129957e+00 1.552102060473224299e+01 -2.482277311726111080e+01
3.078445062562862766e+00 1.583841228367704268e+01 -1.866315768987125523e+01
3.094231960319595132e+00 1.611824165080812321e+01 -1.600921529237492180e+01
3.110018858076327941e+00 1.635070717303304022e+01 -1.352785286357260830e+01
3.125805755833060751e+00 1.655113294244244670e+01 -1.227944801044611367e+01
3.141592653589793116e+00 1.674364950936731589e+01 -1.203228543280432383e+01
