0.000000000000000000e+00 2.814655012021524385e+02 3.218531548372283169e+01
1.578689775673262907e-02 2.809505361544128732e+02 6.437063096744566337e+01
3.157379551346525814e-02 2.794056410111941773e+02 1.287412619348930889e+02
4.736069327019788722e-02 2.768308157724962939e+02 1.931118929023387523e+02
6.314759102693051629e-02 2.732260604383193368e+02 2.252972083860598218e+02
7.893448878366314536e-02 2.696213051041423796e+02 2.252972083860598218e+02
9.472138654039577443e-02 2.660165497699654225e+02 2.252972083860598218e+02
1.105082842971284035e-01 2.624117944357884653e+02 2.252972083860598218e+02
1.262951820538610326e-01 2.588070391016115082e+02 2.252972083860598218e+02
1.420820798105936755e-01 2.552022837674345510e+02 2.252972083860598218e+02
1.578689775673262907e-01 2.515975284332575939e+02 2.252972083860598218e+02
1.736558753240589059e-01 2.479927730990806367e+02 2.252972083860598218e+02
1.894427730807915489e-01 2.443880177649036796e+02 2.252972083860607029e+02
2.052296708375241918e-01 2.407832624307266940e+02 2.252972083860615840e+02
2.210165685942568070e-01 2.371785070965497084e+02 2.252972083860615840e+02
2.368034663509894222e-01 2.335737517623727229e+02 2.252972083860615840e+02
2.525903641077220652e-01 2.299689964281957373e+02 2.252972083860615840e+02
2.683772618644547081e-01 2.263642410940187517e+02 2.252972083860615840e+02
2.841641596211873511e-01 2.227594857598417661e+02 2.252972083860607029e+02
2.999510573779199385e-01 2.191547304256648090e+02 2.252972083860598218e+02
3.157379551346525814e-01 2.155499750914878518e+02 2.252972083860598218e+02
3.315248528913852244e-01 2.119452197573108947e+02 2.252972083860607029e+02
3.473117506481178118e-01 2.083404644231339091e+02 2.252972083860607029e+02
3.630986484048504548e-01 2.047357090889569520e+02 2.252972083860598218e+02
3.788855461615830977e-01 2.011309537547799948e+02 2.252972083860607029e+02
3.946724439183157407e-01 1.975261984206030093e+02 2.252972083860624934e+02
4.104593416750483836e-01 1.939214430864259953e+02 2.252972083860615840e+02
4.262462394317809711e-01 1.903166877522490381e+02 2.252972083860598218e+02
4.420331371885136140e-01 1.867119324180720810e+02 2.252972083860598218e+02
4.578200349452462570e-01 1.831071770838951238e+02 2.252972083860607029e+02
4.736069327019788444e-01 1.795024217497181382e+02 2.252972083860607029e+02
4.893938304587114874e-01 1.758976664155411811e+02 2.252972083860598218e+02
5.051807282154441303e-01 1.722929110813642239e+02 2.252972083860607029e+02
5.209676259721767178e-01 1.686881557471872384e+02 2.252972083860615840e+02
5.367545237289094162e-01 1.650834004130102528e+02 2.252972083860607029e+02
5.525414214856420037e-01 1.614786450788332957e+02 2.252972083860598218e+02
5.683283192423747021e-01 1.578738897446563385e+02 2.252972083860607029e+02
5.841152169991072896e-01 1.542691344104793529e+02 2.252972083860607029e+02
5.999021147558398770e-01 1.506643790763023958e+02 2.252972083860598218e+02
6.156890125125725755e-01 1.470596237421254386e+02 2.252972083860607029e+02
6.314759102693051629e-01 1.434548684079484531e+02 2.252972083860607029e+02
6.472628080260377503e-01 1.398501130737714959e+02 2.252972083860607029e+02
6.630497057827704488e-01 1.362453577395945103e+02 2.252972083860607029e+02
6.788366035395030362e-01 1.326406024054175532e+02 2.252972083860607029e+02
6.946235012962356237e-01 1.290358470712405676e+02 2.252972083860607029e+02
7.104103990529683221e-01 1.254310917370636105e+02 2.252972083860598218e+02
7.261972968097009096e-01 1.218263364028866533e+02 2.252972083860607029e+02
7.419841945664336080e-01 1.182215810687096678e+02 2.252972083860611576e+02
7.577710923231661955e-01 1.146168257345326964e+02 2.252972083860607029e+02
7.735579900798987829e-01 1.110120704003557250e+02 2.252972083860607029e+02
7.893448878366314814e-01 1.074073150661787537e+02 2.252972083860607029e+02
8.051317855933640688e-01 1.038025597320017823e+02 2.252972083860602481e+02
8.209186833500967673e-01 1.001978043978248252e+02 2.252972083860602481e+02
8.367055811068293547e-01 9.659304906364785381e+01 2.252972083860607029e+02
8.524924788635619421e-01 9.298829372947088245e+01 2.252972083860611576e+02
8.682793766202946406e-01 8.938353839529389688e+01 2.252972083860611576e+02
8.840662743770272280e-01 8.577878306111692552e+01 2.252972083860602481e+02
8.998531721337598155e-01 8.217402772693996837e+01 2.252972083860602481e+02
9.156400698904925139e-01 7.856927239276299701e+01 2.252972083860602481e+02
9.314269676472251014e-01 7.496451705858603987e+01 2.370014138357103661e+02
9.472138654039576888e-01 7.098522715002026473e+01 2.273214545739796790e+02
9.630007631606903873e-01 6.769023051221869025e+01 2.156172491243291063e+02
9.787876609174229747e-01 6.408547517804173310e+01 2.206193582825772808e+02
9.945745586741556732e-01 6.063041104717621721e+01 2.152125857433220233e+02
1.010361456430888261e+00 5.719867243425542824e+01 2.126984537202030197e+02
1.026148354187620848e+00 5.382406052812972064e+01 2.040917998727827012e+02
1.041935251944353436e+00 5.066773483832638192e+01 1.778433780967532130e+02
1.057722149701086245e+00 4.813307242903361782e+01 1.753223193494561940e+02
1.073509047457818832e+00 4.505742061914378382e+01 1.736307567745058975e+02
1.089295945214551420e+00 4.257688821224942899e+01 1.524542884337802775e+02
1.105082842971284007e+00 4.017888338926281477e+01 1.413087243071324792e+02
1.120869740728016595e+00 3.805500903442118954e+01 1.250381199279799773e+02
1.136656638484749404e+00 3.617766355156745561e+01 1.146132313239753842e+02
1.152443536241481992e+00 3.438738563205397725e+01 1.093358042752434756e+02
1.168230433998214579e+00 3.267891781475966440e+01 9.919121332157409654e+01
1.184017331754947167e+00 3.121326680576360602e+01 8.770532272014574460e+01
1.199804229511679754e+00 2.987234748771500037e+01 7.738763413035110261e+01
1.215591127268412341e+00 2.873686251359237076e+01 6.581058780203564140e+01
1.231378025025145151e+00 2.776640867804986001e+01 5.373085497868746074e+01
1.247164922781877738e+00 2.701747515427437207e+01 3.920578154803600057e+01
1.262951820538610326e+00 2.651182366851270800e+01 2.438922010057764567e+01
1.278738718295342913e+00 2.623702011105588738e+01 1.221457557380378667e+01
1.294525616052075501e+00 2.612095725015098679e+01 1.773436921378102049e+00
1.310312513808808310e+00 2.618027012957178812e+01 -8.501664599171343539e+00
1.326099411565540898e+00 2.639301051732446979e+01 -1.905675036187404103e+01
1.341886309322273485e+00 2.679008614115175746e+01 -2.710331017789324548e+01
1.357673207079006072e+00 2.726031644301705370e+01 -3.074711168916677195e+01
1.373460104835738660e+00 2.777399371520509419e+01 -3.437342439385104598e+01
1.389247002592471247e+00 2.836026602362028726e+01 -4.235510197550951261e+01
1.405033900349204057e+00 2.912935697842139859e+01 -4.908326429090404019e+01
1.420820798105936644e+00 2.993093048092921649e+01 -5.279179229352615010e+01
1.436607695862669232e+00 3.081869433181423545e+01 -5.420040984329909861e+01
1.452394593619401819e+00 3.166534359591478776e+01 -5.408496355012925960e+01
1.468181491376134407e+00 3.254941316541837182e+01 -5.468581752690948150e+01
1.483968389132867216e+00 3.341528975677589131e+01 -5.031497107431226112e+01
1.499755286889599804e+00 3.415949223979636429e+01 -3.779244182948681896e+01
1.515542184646332391e+00 3.462464789531946963e+01 -2.462131925884802897e+01
1.531329082403064978e+00 3.494737445607950121e+01 -1.406092462145669408e+01
1.547115980159797566e+00 3.507459748320608384e+01 -1.090926686309279248e+00
1.562902877916530375e+00 3.498228411004139815e+01 1.358833649674262567e+01
1.578689775673262963e+00 3.463977071531031982e+01 2.660875067640966307e+01
1.594476673429995550e+00 3.413080408839628888e+01 3.205204315262299986e+01
1.610263571186728138e+00 3.361410533442638382e+01 3.234449782843529420e+01
1.626050468943460725e+00 3.309578015788635952e+01 3.556351215856312820e+01
1.641837366700193535e+00 3.247607294535236377e+01 4.304511074649275315e+01
1.657624264456926122e+00 3.171833661399859139e+01 4.682390249360024370e+01
1.673411162213658709e+00 3.097770806555715595e+01 4.631899442735098660e+01
1.689198059970391297e+00 3.023612879232335970e+01 4.679219156793134715e+01
1.704984957727123884e+00 2.948035793538335270e+01 5.087987871708665466e+01
1.720771855483856472e+00 2.860797267337658667e+01 5.766147788246422579e+01
1.736558753240589281e+00 2.763519064314449736e+01 5.872148079081229355e+01
1.752345650997321869e+00 2.672888528807059316e+01 5.525648467901500283e+01
1.768132548754054456e+00 2.586698313341601718e+01 5.455725078323314392e+01
1.783919446510787044e+00 2.498305326300713247e+01 5.397601901819160020e+01
1.799706344267519631e+00 2.413975052483388595e+01 5.246455367734959196e+01
1.815493242024252440e+00 2.330418754533194559e+01 5.225219999006647242e+01
1.831280139780985028e+00 2.246768012515175883e+01 4.997016092261851838e+01
1.847067037537717615e+00 2.170514239580815286e+01 4.892969853524364510e+01
1.862853935294450203e+00 2.090192977202396207e+01 4.918147285141238712e+01
1.878640833051182790e+00 2.013133526456295641e+01 4.717513610858503625e+01
1.894427730807915378e+00 1.939232541654924091e+01 4.739982340617765288e+01
1.910214628564648187e+00 1.861454091556527146e+01 4.808568552267522733e+01
1.926001526321380775e+00 1.785358347982363370e+01 4.688558435190515183e+01
1.941788424078113362e+00 1.711420221630430660e+01 4.698411115994294107e+01
1.957575321834845949e+00 1.635009192270545952e+01 4.819296031031683469e+01
1.973362219591578537e+00 1.557202748637416789e+01 4.942994739784322888e+01
1.989149117348311346e+00 1.476833360597447609e+01 5.032847618815777935e+01
2.004936015105043712e+00 1.396151624835311900e+01 4.941684639075871388e+01
2.020722912861776521e+00 1.318699452147019713e+01 4.862610152258483964e+01
2.036509810618509331e+00 1.240548099963040407e+01 4.832529534313406572e+01
2.052296708375241696e+00 1.164058507048990698e+01 4.607992896121282200e+01
2.068083606131974506e+00 1.093092327287159371e+01 4.202234055462267293e+01
2.083870503888706871e+00 1.029587017274198146e+01 3.744738371761818740e+01
2.099657401645439680e+00 9.732606993907811699e+00 3.339329426820020075e+01
2.115444299402172490e+00 9.227284756159574997e+00 2.966922292170326259e+01
2.131231197158904855e+00 8.783191860413307239e+00 2.494240375219763806e+01
2.147018094915637665e+00 8.429127836089250536e+00 1.935572437001792423e+01
2.162804992672370030e+00 8.163808680572733678e+00 1.483619718977680080e+01
2.178591890429102840e+00 7.954369526016392911e+00 1.084376162450712044e+01
2.194378788185835649e+00 7.816808308588505838e+00 6.575126943269060220e+00
2.210165685942568015e+00 7.743965463831782969e+00 1.840256897241265843e+00
2.225952583699300824e+00 7.757920087876785331e+00 -3.340894365786911457e+00
2.241739481456033189e+00 7.850874083536964143e+00 -7.536566835186858881e+00
2.257526379212765999e+00 7.999090226602764808e+00 -1.074367803499201557e+01
2.273313276969498808e+00 8.194671780656708648e+00 -1.388269960596169561e+01
2.289100174726231174e+00 8.443336613993539075e+00 -1.602334804770322307e+01
2.304887072482963983e+00 8.707418918183211787e+00 -1.724901041227411369e+01
2.320673970239696349e+00 8.995304947186310685e+00 -1.733583197385790697e+01
2.336460867996429158e+00 9.262165541346664810e+00 -1.572467820548867401e+01
2.352247765753161524e+00 9.498494649761948239e+00 -1.382416879243014662e+01
2.368034663509894333e+00 9.704538942704429516e+00 -1.146826163502928608e+01
2.383821561266627143e+00 9.865479022082885407e+00 -8.338046322853287506e+00
2.399608459023359508e+00 9.971356425035734716e+00 -4.882512193383369947e+00
2.415395356780092317e+00 1.002171941227115326e+01 -1.497135048575348737e+00
2.431182254536824683e+00 1.001926474659014588e+01 1.002163845479797644e+00
2.446969152293557492e+00 9.989650169215799735e+00 2.826669247990520883e+00
2.462756050050290302e+00 9.928811330654449208e+00 5.266756800438865405e+00
2.478542947807022667e+00 9.821113951601756042e+00 7.545172865847771249e+00
2.494329845563755477e+00 9.687365798947320528e+00 8.768124990517266681e+00
2.510116743320487842e+00 9.540533951905203480e+00 9.463313535909344765e+00
2.525903641077220652e+00 9.384539765798221467e+00 1.031362704839688860e+01
2.541690538833953461e+00 9.210497886356503017e+00 1.174468912734216630e+01
2.557477436590685826e+00 9.008709713723272117e+00 1.332705488385221848e+01
2.573264334347418636e+00 8.784032130073232025e+00 1.407667566172193752e+01
2.589051232104151001e+00 8.558256092548170102e+00 1.457219319593783169e+01
2.604838129860883811e+00 8.317721947803221383e+00 1.593924320003237050e+01
2.620625027617616620e+00 8.048200310147134218e+00 1.715190726159135437e+01
2.636411925374348986e+00 7.768860915432298064e+00 1.831377056136521020e+01
2.652198823131081795e+00 7.462159652183447456e+00 1.952477573434760316e+01
2.667985720887814161e+00 7.144068091933174713e+00 1.919920755805509671e+01
2.683772618644546970e+00 6.847785010325684318e+00 1.819118039195327796e+01
2.699559516401279780e+00 6.561950319390669861e+00 1.726264407006614121e+01
2.715346414158012145e+00 6.295380400083567807e+00 1.452896677849882501e+01
2.731133311914744954e+00 6.097023382478707454e+00 1.034088414245090704e+01
2.746920209671477320e+00 5.964472107525138789e+00 5.191525989736573088e+00
2.762707107428210129e+00 5.930894550807137122e+00 -1.009781617550303823e+00
2.778494005184942495e+00 5.996785119286748511e+00 -6.089045129810094714e+00
2.794280902941675304e+00 6.125743994961060146e+00 -1.151214591065993709e+01
2.810067800698408114e+00 6.365173788427866519e+00 -1.807090775635245095e+01
2.825854698455140479e+00 6.704013043164338548e+00 -2.327759338840865055e+01
2.841641596211873289e+00 7.110056776856943372e+00 -2.672563180930193028e+01
2.857428493968605654e+00 7.559233261062000331e+00 -2.885053699419936990e+01
2.873215391725338463e+00 8.033273960671323266e+00 -2.987403067901603393e+01
2.889002289482071273e+00 8.515202242790513409e+00 -3.063201800739162550e+01
2.904789187238803638e+00 9.013498536907855296e+00 -3.010287519805176970e+01
2.920576084995536448e+00 9.478494249128170068e+00 -3.010965134628679252e+01
2.936362982752268813e+00 9.977007379989032643e+00 -3.005831700578276511e+01
2.952149880509001623e+00 1.044036039331321852e+01 -2.964650499108156723e+01
2.967936778265734432e+00 1.092569553970364282e+01 -3.127477980477377884e+01
2.983723676022466798e+00 1.144115334706597942e+01 -3.340023992112972451e+01
2.999510573779199607e+00 1.199450321717979406e+01 -3.438678428211622418e+01
3.015297471535931972e+00 1.254153044409369855e+01 -3.413612571315993449e+01
3.031084369292664782e+00 1.308685924000091205e+01 -2.886523820981140531e+01
3.046871267049397591e+00 1.346521806680766353e+01 -2.163432943484277970e+01
3.062658164806129957e+00 1.377915778191588103e+01 -1.605092938958452109e+01
3.078445062562862766e+00 1.397884780727436826e+01 -9.277237447714691498e+00
3.094231960319595132e+00 1.407602938024275119e+01 -3.226538139197154820e+00
3.110018858076327941e+00 1.408209702772867722e+01 5.392587633231693545e-01
3.125805755833060751e+00 1.405877309981640977e+01 2.476864098359565780e+00
3.141592653589793116e+00 1.400283737658117111e+01 3.495982702202415915e+00
