0.000000000000000000e+00 3.405556323477956084e+02 2.742542216945764721e+01
1.578689775673262907e-02 3.401168255930842861e+02 5.485084433890818900e+01
3.157379551346525814e-02 3.388004053289505464e+02 1.097016886778163780e+02
4.736069327019788722e-02 3.366063715553941620e+02 1.645525330167245670e+02
6.314759102693051629e-02 3.335347242724153602e+02 1.919779551861786615e+02
7.893448878366314536e-02 3.304630769894364448e+02 1.919779551861804237e+02
9.472138654039577443e-02 3.273914297064575862e+02 1.919779551861786615e+02
1.105082842971284035e-01 3.243197824234787277e+02 1.919779551861786615e+02
1.262951820538610326e-01 3.212481351404998691e+02 1.919779551861786615e+02
1.420820798105936755e-01 3.181764878575210105e+02 1.919779551861786615e+02
1.578689775673262907e-01 3.151048405745421519e+02 1.919779551861786615e+02
1.736558753240589059e-01 3.120331932915632933e+02 1.919779551861786615e+02
1.894427730807915489e-01 3.089615460085844347e+02 1.919779551861786615e+02
2.052296708375241918e-01 3.058898987256055761e+02 1.919779551861786615e+02
2.210165685942568070e-01 3.028182514426267176e+02 1.919779551861786615e+02
2.368034663509894222e-01 2.997466041596478590e+02 1.919779551861786615e+02
2.525903641077220652e-01 2.966749568766690004e+02 1.919779551861786615e+02
2.683772618644547081e-01 2.936033095936901418e+02 1.919779551861786615e+02
2.841641596211873511e-01 2.905316623107112832e+02 1.919779551861804237e+02
2.999510573779199385e-01 2.874600150277323678e+02 1.919779551861822142e+02
3.157379551346525814e-01 2.843883677447534524e+02 1.919779551861804237e+02
3.315248528913852244e-01 2.813167204617745938e+02 1.919779551861786615e+02
3.473117506481178118e-01 2.782450731787957352e+02 1.919779551861786615e+02
3.630986484048504548e-01 2.751734258958168766e+02 1.919779551861786615e+02
3.788855461615830977e-01 2.721017786128380180e+02 1.919779551861786615e+02
3.946724439183157407e-01 2.690301313298591595e+02 1.919779551861786615e+02
4.104593416750483836e-01 2.659584840468803009e+02 1.919779551861786615e+02
4.262462394317809711e-01 2.628868367639014423e+02 1.919779551861804237e+02
4.420331371885136140e-01 2.598151894809225269e+02 1.919779551861786615e+02
4.578200349452462570e-01 2.567435421979437251e+02 1.919779551861777804e+02
4.736069327019788444e-01 2.536718949149648381e+02 1.919779551861795426e+02
4.893938304587114874e-01 2.506002476319859795e+02 1.919779551861786615e+02
5.051807282154441303e-01 2.475286003490071209e+02 1.919779551861795426e+02
5.209676259721767178e-01 2.444569530660282339e+02 1.919779551861795426e+02
5.367545237289094162e-01 2.413853057830493753e+02 1.919779551861786615e+02
5.525414214856420037e-01 2.383136585000705168e+02 1.919779551861786615e+02
5.683283192423747021e-01 2.352420112170916582e+02 1.919779551861786615e+02
5.841152169991072896e-01 2.321703639341127996e+02 1.919779551861786615e+02
5.999021147558398770e-01 2.290987166511339410e+02 1.919779551861786615e+02
6.156890125125725755e-01 2.260270693681550824e+02 1.919779551861786615e+02
6.314759102693051629e-01 2.229554220851762238e+02 1.919779551861795426e+02
6.472628080260377503e-01 2.198837748021973368e+02 1.919779551861804237e+02
6.630497057827704488e-01 2.168121275192184498e+02 1.919779551861795426e+02
6.788366035395030362e-01 2.137404802362395912e+02 1.919779551861795426e+02
6.946235012962356237e-01 2.106688329532607042e+02 1.919779551861804237e+02
7.104103990529683221e-01 2.075971856702818172e+02 1.919779551861795426e+02
7.261972968097009096e-01 2.045255383873029587e+02 1.919779551861786615e+02
7.419841945664336080e-01 2.014538911043241001e+02 1.919779551861786615e+02
7.577710923231661955e-01 1.983822438213452415e+02 1.919779551861795426e+02
7.735579900798987829e-01 1.953105965383663545e+02 1.919779551861795426e+02
7.893448878366314814e-01 1.922389492553874959e+02 1.919779551861786615e+02
8.051317855933640688e-01 1.891673019724086373e+02 1.919779551861786615e+02
8.209186833500967673e-01 1.860956546894297787e+02 1.919779551861795426e+02
8.367055811068293547e-01 1.830240074064508917e+02 1.919779551861795426e+02
8.524924788635619421e-01 1.799523601234720331e+02 1.919779551861786615e+02
8.682793766202946406e-01 1.768807128404931746e+02 1.919779551861786615e+02
8.840662743770272280e-01 1.738090655575143160e+02 1.919779551861786615e+02
8.998531721337598155e-01 1.707374182745354574e+02 1.919779551861786615e+02
9.156400698904925139e-01 1.676657709915565988e+02 1.919779551861795426e+02
9.314269676472251014e-01 1.645941237085777118e+02 1.919779551861795426e+02
9.472138654039576888e-01 1.615224764255988532e+02 1.919779551861786615e+02
9.630007631606903873e-01 1.584508291426199946e+02 1.919779551861786615e+02
9.787876609174229747e-01 1.553791818596411360e+02 1.919779551861786615e+02
9.945745586741556732e-01 1.523075345766622775e+02 1.919779551861786615e+02
1.010361456430888261e+00 1.492358872936834189e+02 1.919779551861795426e+02
1.026148354187620848e+00 1.461642400107045319e+02 1.919779551861795426e+02
1.041935251944353436e+00 1.430925927277256733e+02 1.919779551861795426e+02
1.057722149701086245e+00 1.400209454447467863e+02 1.919779551861795426e+02
1.073509047457818832e+00 1.369492981617679277e+02 1.919779551861795426e+02
1.089295945214551420e+00 1.338776508787890407e+02 1.919779551861795426e+02
1.105082842971284007e+00 1.308060035958101821e+02 1.919779551861786615e+02
1.120869740728016595e+00 1.277343563128313235e+02 1.919779551861786615e+02
1.136656638484749404e+00 1.246627090298524649e+02 1.919779551861786615e+02
1.152443536241481992e+00 1.215910617468736064e+02 1.919779551861790878e+02
1.168230433998214579e+00 1.185194144638947336e+02 1.919779551861795426e+02
1.184017331754947167e+00 1.154477671809158608e+02 1.919779551861790878e+02
1.199804229511679754e+00 1.123761198979370022e+02 1.919779551861795426e+02
1.215591127268412341e+00 1.093044726149581152e+02 1.919779551861795426e+02
1.231378025025145151e+00 1.062328253319792566e+02 1.919779551861786615e+02
1.247164922781877738e+00 1.031611780490003980e+02 1.919779551861786615e+02
1.262951820538610326e+00 1.000895307660215394e+02 1.919779551861790878e+02
1.278738718295342913e+00 9.701788348304266663e+01 1.919779551861790878e+02
1.294525616052075501e+00 9.394623620006380804e+01 1.919779551861790878e+02
1.310312513808808310e+00 9.087458891708493525e+01 1.748199368950724590e+02
1.326099411565540898e+00 8.835199821942148901e+01 1.724749407204746490e+02
1.341886309322273485e+00 8.535539081402974659e+01 1.896329590115817325e+02
1.357673207079006072e+00 8.228374353105087380e+01 1.924332936384462869e+02
1.373460104835738660e+00 7.919752541759946496e+01 1.820810088418824932e+02
1.389247002592471247e+00 7.645715124811063390e+01 1.684013162444153409e+02
1.405033900349204057e+00 7.380868329777817394e+01 1.688028770512297569e+02
1.420820798105936644e+00 7.105545918247128157e+01 1.976213324088291756e+02
1.436607695862669232e+00 6.748480066069564032e+01 2.023952472534382707e+02
1.452394593619401819e+00 6.457881127036125690e+01 1.670597480379172168e+02
1.468181491376134407e+00 6.213888872348228887e+01 1.488843283099992050e+02
1.483968389132867216e+00 5.981451276444128240e+01 1.607004079356246677e+02
1.499755286889599804e+00 5.699647566954229916e+01 1.682808799967021685e+02
1.515542184646332391e+00 5.442952460454681329e+01 1.465015819205182197e+02
1.531329082403064978e+00 5.230842504808571647e+01 1.166324103057283423e+02
1.547115980159797566e+00 5.069728747476350605e+01 9.968053677041343974e+01
1.562902877916530375e+00 4.911864787143248634e+01 1.023253272791460091e+02
1.578689775673262963e+00 4.742287700183083388e+01 1.006638132385404560e+02
1.594476673429995550e+00 4.589740584779919175e+01 8.393167366245690175e+01
1.610263571186728138e+00 4.473706344463221285e+01 7.168912084569001308e+01
1.626050468943460725e+00 4.360335398073711133e+01 7.230421633716521512e+01
1.641837366700193535e+00 4.242332852184292591e+01 7.136005570848014656e+01
1.657624264456926122e+00 4.131983219806574681e+01 6.682151388656399149e+01
1.673411162213658709e+00 4.028504007747287829e+01 6.463377581822938112e+01
1.689198059970391297e+00 3.925155137188240673e+01 6.518921932194787416e+01
1.704984957727123884e+00 3.819898505917054621e+01 6.695911264788922779e+01
1.720771855483856472e+00 3.710885976714995138e+01 7.253202030300886349e+01
1.736558753240589281e+00 3.587796040947426235e+01 7.934280790769699365e+01
1.752345650997321869e+00 3.456988991410364775e+01 8.567492964447231429e+01
1.768132548754054456e+00 3.313636266085114812e+01 9.214715975708764972e+01
1.783919446510787044e+00 3.162118080187684299e+01 9.711107568348053576e+01
1.799706344267519631e+00 3.002880823897977081e+01 9.779695681504819049e+01
1.815493242024252440e+00 2.849167818379530104e+01 9.173461155644335463e+01
1.831280139780985028e+00 2.709330066917358337e+01 8.632460418792697965e+01
1.847067037537717615e+00 2.572929084978163772e+01 8.378048476461353289e+01
1.862853935294450203e+00 2.441232515670595049e+01 7.968994595103929157e+01
1.878640833051182790e+00 2.317921257934838053e+01 7.505839199697794584e+01
1.894427730807915378e+00 2.201045661280265620e+01 7.033676144353439952e+01
1.910214628564648187e+00 2.092843621315527969e+01 6.929481175353657818e+01
1.926001526321380775e+00 1.979302263668948569e+01 7.304866115515207525e+01
1.941788424078113362e+00 1.859087905619041337e+01 7.473704308753936232e+01
1.957575321834845949e+00 1.740143725788822593e+01 7.372393014784329068e+01
1.973362219591578537e+00 1.623171329145942821e+01 7.267717880956786303e+01
1.989149117348311346e+00 1.507576753598205421e+01 7.134229675563130968e+01
2.004936015105043712e+00 1.394875979527922638e+01 6.961450218986358607e+01
2.020722912861776521e+00 1.284810346590641927e+01 6.663868328967259913e+01
2.036509810618509331e+00 1.181632193000970332e+01 6.156288231532980149e+01
2.052296708375241696e+00 1.087809123181586557e+01 5.639472289717212306e+01
2.068083606131974506e+00 1.001169079730019540e+01 5.195566158578218818e+01
2.083870503888706871e+00 9.215510061070835590e+00 4.694793039382483357e+01
2.099657401645439680e+00 8.509357024697800753e+00 4.146510345277690135e+01
2.115444299402172490e+00 7.888626750581974711e+00 3.558068584879197971e+01
2.131231197158904855e+00 7.370775077536457331e+00 2.902034316569154626e+01
2.147018094915637665e+00 6.959975769279845181e+00 2.283577905539196706e+01
2.162804992672370030e+00 6.640030147763914314e+00 1.664072157843324362e+01
2.178591890429102840e+00 6.427472678769981407e+00 9.338333109494751483e+00
2.194378788185835649e+00 6.341203488260082288e+00 2.144468838447349590e+00
2.210165685942568015e+00 6.358849675939666213e+00 -4.180760058709487303e+00
2.225952583699300824e+00 6.474987810138785882e+00 -9.795538083556154518e+00
2.241739481456033189e+00 6.672306894613463157e+00 -1.422390565953415731e+01
2.257526379212765999e+00 6.930152791243878951e+00 -1.829989767366971165e+01
2.273313276969498808e+00 7.257903620170893966e+00 -2.190337203964301338e+01
2.289100174726231174e+00 7.631060696512455443e+00 -2.373544155020604407e+01
2.304887072482963983e+00 8.017437749777487355e+00 -2.406045856582358766e+01
2.320673970239696349e+00 8.400995370618810298e+00 -2.394799674361508579e+01
2.336460867996429158e+00 8.783773645573170086e+00 -2.305584224332857346e+01
2.352247765753161524e+00 9.138782322405324621e+00 -2.150062784773892943e+01
2.368034663509894333e+00 9.471793736700815813e+00 -1.897365559272889968e+01
2.383821561266627143e+00 9.745939301372649410e+00 -1.521199351977453595e+01
2.399608459023359508e+00 9.958577529333600964e+00 -1.087275637411266871e+01
2.415395356780092317e+00 1.009386750534425481e+01 -6.687656231508021243e+00
2.431182254536824683e+00 1.017258252874185764e+01 -3.008752965697913950e+00
2.446969152293557492e+00 1.019014760024658806e+01 1.168853362900346138e+00
2.462756050050290302e+00 1.013517922112904657e+01 5.412929966009227378e+00
2.478542947807022667e+00 1.001693384133429277e+01 8.772056027932739752e+00
2.494329845563755477e+00 9.854473428235198895e+00 1.131460179843529801e+01
2.510116743320487842e+00 9.654866583784363243e+00 1.304604282134397231e+01
2.525903641077220652e+00 9.437000057952191767e+00 1.513107049998130194e+01
2.541690538833953461e+00 9.170672327784961553e+00 1.821425522395897545e+01
2.557477436590685826e+00 8.854143890785504567e+00 2.008772543030073976e+01
2.573264334347418636e+00 8.527865114015337866e+00 2.116035586670245294e+01
2.589051232104151001e+00 8.177012503051026115e+00 2.287219875093970956e+01
2.604838129860883811e+00 7.795954753985267160e+00 2.389423673768506617e+01
2.620625027617616620e+00 7.412396927445104033e+00 2.414954883330227986e+01
2.636411925374348986e+00 7.023169191319594162e+00 2.392948049552093082e+01
2.652198823131081795e+00 6.646653551588434183e+00 2.247770992941416779e+01
2.667985720887814161e+00 6.303882473578340750e+00 2.063249689503615514e+01
2.683772618644546970e+00 5.986413650947277176e+00 1.872531712154146177e+01
2.699559516401279780e+00 5.704672325689013945e+00 1.590438454541348534e+01
2.715346414158012145e+00 5.477473345494045631e+00 1.365710423631652404e+01
2.731133311914744954e+00 5.267644990126885141e+00 1.147191692282742359e+01
2.746920209671477320e+00 5.110372003963568055e+00 6.379622660908496279e+00
2.762707107428210129e+00 5.063497064977813267e+00 7.404972847803170666e-01
2.778494005184942495e+00 5.086676090850597909e+00 -4.237856961246011522e+00
2.794280902941675304e+00 5.199108487737685635e+00 -1.079875174018482475e+01
2.810067800698408114e+00 5.432236146536512322e+00 -1.882501508219344544e+01
2.825854698455140479e+00 5.801508970367875939e+00 -2.768441710212571394e+01
2.841641596211873289e+00 6.318137493804535154e+00 -3.629275919040425435e+01
2.857428493968605654e+00 6.962877264460812121e+00 -4.204530189661851125e+01
2.873215391725338463e+00 7.663587154496327436e+00 -4.787672067854589386e+01
2.889002289482071273e+00 8.494932326174280846e+00 -5.691109270903096728e+01
2.904789187238803638e+00 9.484742121185318453e+00 -6.416183825578097810e+01
2.920576084995536448e+00 1.054811115035927216e+01 -6.715534693584950787e+01
2.936362982752268813e+00 1.163371322313250289e+01 -7.068015236767894294e+01
2.952149880509001623e+00 1.280987602612499821e+01 -7.880214499752879931e+01
2.967936778265734432e+00 1.415538186305342450e+01 -8.787169749525862983e+01
2.983723676022466798e+00 1.562177034597327463e+01 -9.260209778296501781e+01
2.999510573779199607e+00 1.711864899210830515e+01 -9.254840105978678366e+01
3.015297471535931972e+00 1.858331917988645188e+01 -8.891031389479420000e+01
3.031084369292664782e+00 1.996377903674171961e+01 -8.905362918043468312e+01
3.046871267049397591e+00 2.143303531366036196e+01 -8.918246901243409752e+01
3.062658164806129957e+00 2.281761804513961067e+01 -7.007492526649883757e+01
3.078445062562862766e+00 2.367543292218832462e+01 -4.035187019458774671e+01
3.094231960319595132e+00 2.410887789136641857e+01 -2.663536874336214311e+01
3.110018858076327941e+00 2.452776472197591318e+01 -2.729411724294872243e+01
3.125805755833060751e+00 2.498228964314077771e+01 -2.156980287852516653e+01
3.141592653589793116e+00 2.521799841408871856e+01 -1.473179818424630305e+01
