0.000000000000000000e+00 3.463827864126614600e+02 4.299879943428663864e+01
1.578689775673262907e-02 3.456948056217128737e+02 8.599759886856972457e+01
3.157379551346525814e-02 3.436308632488672288e+02 1.719951977371394491e+02
4.736069327019788722e-02 3.401909592941244114e+02 2.579927966057109643e+02
6.314759102693051629e-02 3.353750937574844784e+02 3.009915960399976029e+02
7.893448878366314536e-02 3.305592282208444885e+02 3.009915960399976029e+02
9.472138654039577443e-02 3.257433626842045555e+02 3.009915960399957839e+02
1.105082842971284035e-01 3.209274971475646225e+02 3.009915960399957839e+02
1.262951820538610326e-01 3.161116316109246895e+02 3.009915960399957839e+02
1.420820798105936755e-01 3.112957660742847565e+02 3.009915960399976029e+02
1.578689775673262907e-01 3.064799005376447667e+02 3.009915960399993651e+02
1.736558753240589059e-01 3.016640350010047769e+02 3.009915960399957839e+02
1.894427730807915489e-01 2.968481694643649007e+02 3.009915960399957839e+02
2.052296708375241918e-01 2.920323039277249109e+02 3.009915960399976029e+02
2.210165685942568070e-01 2.872164383910849779e+02 3.009915960399976029e+02
2.368034663509894222e-01 2.824005728544449880e+02 3.009915960399957839e+02
2.525903641077220652e-01 2.775847073178051119e+02 3.009915960399957839e+02
2.683772618644547081e-01 2.727688417811651220e+02 3.009915960399976029e+02
2.841641596211873511e-01 2.679529762445251890e+02 3.009915960399976029e+02
2.999510573779199385e-01 2.631371107078851992e+02 3.009915960399976029e+02
3.157379551346525814e-01 2.583212451712452662e+02 3.009915960399957839e+02
3.315248528913852244e-01 2.535053796346053332e+02 3.009915960399966934e+02
3.473117506481178118e-01 2.486895140979653718e+02 3.009915960399966934e+02
3.630986484048504548e-01 2.438736485613254388e+02 3.009915960399966934e+02
3.788855461615830977e-01 2.390577830246854774e+02 3.009915960399976029e+02
3.946724439183157407e-01 2.342419174880455159e+02 3.009915960399966934e+02
4.104593416750483836e-01 2.294260519514055829e+02 3.009915960399966934e+02
4.262462394317809711e-01 2.246101864147656215e+02 3.009915960399966934e+02
4.420331371885136140e-01 2.197943208781256885e+02 3.009915960399957839e+02
4.578200349452462570e-01 2.149784553414857555e+02 3.009915960399966934e+02
4.736069327019788444e-01 2.101625898048457941e+02 3.009915960399976029e+02
4.893938304587114874e-01 2.053467242682058327e+02 3.009915960399976029e+02
5.051807282154441303e-01 2.005308587315658713e+02 3.009915960399976029e+02
5.209676259721767178e-01 1.957149931949259098e+02 3.009915960399966934e+02
5.367545237289094162e-01 1.908991276582859768e+02 3.009915960399966934e+02
5.525414214856420037e-01 1.860832621216460154e+02 3.009915960399966934e+02
5.683283192423747021e-01 1.812673965850060824e+02 3.009915960399957839e+02
5.841152169991072896e-01 1.764515310483661494e+02 3.009915960399966934e+02
5.999021147558398770e-01 1.716356655117261880e+02 3.009915960399976029e+02
6.156890125125725755e-01 1.668197999750862266e+02 3.009915960399976029e+02
6.314759102693051629e-01 1.620039344384462652e+02 3.009915960399966934e+02
6.472628080260377503e-01 1.571880689018063322e+02 3.009915960399957839e+02
6.630497057827704488e-01 1.523722033651663992e+02 3.009915960399966934e+02
6.788366035395030362e-01 1.475563378285264378e+02 3.009915960399966934e+02
6.946235012962356237e-01 1.427404722918865048e+02 3.009915960399966934e+02
7.104103990529683221e-01 1.379246067552465433e+02 3.009915960399966934e+02
7.261972968097009096e-01 1.331087412186066103e+02 3.009915960399966934e+02
7.419841945664336080e-01 1.282928756819666489e+02 3.009915960399966934e+02
7.577710923231661955e-01 1.234770101453267159e+02 3.009915960399966934e+02
7.735579900798987829e-01 1.186611446086867545e+02 3.009915960399976029e+02
7.893448878366314814e-01 1.138452790720467931e+02 3.009915960399971482e+02
8.051317855933640688e-01 1.090294135354068459e+02 3.009915960399966934e+02
8.209186833500967673e-01 1.042135479987668987e+02 3.009915960399971482e+02
8.367055811068293547e-01 9.939768246212693725e+01 3.009915960399966934e+02
8.524924788635619421e-01 9.458181692548700426e+01 3.009915960399962387e+02
8.682793766202946406e-01 8.976595138884705705e+01 3.009915960399966934e+02
8.840662743770272280e-01 8.495008585220710984e+01 3.112251488795174623e+02
8.998531721337598155e-01 7.980674662470249814e+01 3.179439166053077201e+02
9.156400698904925139e-01 7.477588052083726211e+01 3.077103637657865534e+02
9.314269676472251014e-01 6.996001498419732911e+01 3.051292743453690832e+02
9.472138654039576888e-01 6.501174374178545179e+01 2.933448461241727614e+02
9.630007631606903873e-01 6.057297990822380029e+01 2.680893372011252609e+02
9.787876609174229747e-01 5.643288495134944327e+01 2.465674447485044425e+02
9.945745586741556732e-01 5.268282167627165791e+01 2.102470472706841065e+02
1.010361456430888261e+00 4.970497943868755186e+01 1.750353973461671160e+02
1.026148354187620848e+00 4.708168896119430968e+01 1.586899720318217817e+02
1.041935251944353436e+00 4.462690033366925491e+01 1.346875106805620703e+02
1.057722149701086245e+00 4.277168861941632372e+01 1.198782840219982972e+02
1.073509047457818832e+00 4.079079524496530951e+01 1.188365414168903698e+02
1.089295945214551420e+00 3.896891929407583177e+01 1.119926812646252472e+02
1.105082842971284007e+00 3.720702944449730154e+01 1.103339286231941259e+02
1.120869740728016595e+00 3.543823357813361952e+01 1.118340035660896348e+02
1.136656638484749404e+00 3.362834133038243323e+01 1.093487547893981997e+02
1.152443536241481992e+00 3.193907342487287693e+01 1.033915627998899254e+02
1.168230433998214579e+00 3.031981132078595564e+01 9.540555271388606684e+01
1.184017331754947167e+00 2.888609573802852282e+01 8.624981335336522648e+01
1.199804229511679754e+00 2.755981729347826814e+01 7.787946442516523859e+01
1.215591127268412341e+00 2.639395287642323495e+01 6.611495413876467353e+01
1.231378025025145151e+00 2.544413876103779870e+01 5.064367809139358201e+01
1.247164922781877738e+00 2.477335517749864024e+01 3.603688040354957423e+01
1.262951820538610326e+00 2.429095858812421227e+01 2.409164041931555289e+01
1.278738718295342913e+00 2.400242268408054258e+01 1.292964738068980068e+01
1.294525616052075501e+00 2.387720987194213862e+01 7.268742868702382509e-01
1.310312513808808310e+00 2.397916270690069496e+01 -1.145675315656757753e+01
1.326099411565540898e+00 2.424382597295230113e+01 -2.058566168316544420e+01
1.341886309322273485e+00 2.463790388076198923e+01 -2.751487202301305857e+01
1.357673207079006072e+00 2.512430187768871903e+01 -3.500476036816002789e+01
1.373460104835738660e+00 2.575805621254311006e+01 -4.167232848759449837e+01
1.389247002592471247e+00 2.645781638929174306e+01 -4.617515569992824709e+01
1.405033900349204057e+00 2.723566119494081406e+01 -4.701029430671255227e+01
1.420820798105936644e+00 2.796214580710654474e+01 -4.561785925402272568e+01
1.436607695862669232e+00 2.869543269106954142e+01 -4.533525373151214666e+01
1.452394593619401819e+00 2.941287392651493349e+01 -4.073236324642626016e+01
1.468181491376134407e+00 2.999886831495518180e+01 -3.144294783287715589e+01
1.483968389132867216e+00 3.041904825716700245e+01 -2.404079153583815653e+01
1.499755286889599804e+00 3.076817364410200284e+01 -1.763286127406093939e+01
1.515542184646332391e+00 3.098329981793695254e+01 -1.491078738576889684e+01
1.531329082403064978e+00 3.124531884044660757e+01 -1.359021664043780220e+01
1.547115980159797566e+00 3.141818675043096221e+01 -7.462969745846592673e+00
1.562902877916530375e+00 3.148413387231369853e+01 -5.502611015272496076e+00
1.578689775673262963e+00 3.159427030291968208e+01 -7.756961512839888329e+00
1.594476673429995550e+00 3.173235664072457496e+01 -2.722290949594974308e+00
1.610263571186728138e+00 3.168138361330672126e+01 6.604772723477481122e+00
1.626050468943460725e+00 3.152100391357329556e+01 1.781335049011023486e+01
1.641837366700193535e+00 3.111135639762319371e+01 3.058888694389438712e+01
1.657624264456926122e+00 3.054215953136867512e+01 3.826613746602980370e+01
1.673411162213658709e+00 2.988683999871024000e+01 4.598807715097252924e+01
1.689198059970391297e+00 2.907054106253755421e+01 5.578859116256784745e+01
1.704984957727123884e+00 2.810160508150806891e+01 5.805349019731231408e+01
1.720771855483856472e+00 2.721282937622356002e+01 5.490333729112705896e+01
1.736558753240589281e+00 2.634469828819200288e+01 5.288682360237495317e+01
1.752345650997321869e+00 2.552045102094756146e+01 4.947147331790746705e+01
1.768132548754054456e+00 2.476161114201896396e+01 4.742914867630920384e+01
1.783919446510787044e+00 2.400271826330566682e+01 4.659128655621646686e+01
1.799706344267519631e+00 2.327068997222003688e+01 4.532781792111650532e+01
1.815493242024252440e+00 2.255222808982993854e+01 4.581568071738784198e+01
1.831280139780985028e+00 2.180458818926362596e+01 4.646148625801693299e+01
1.847067037537717615e+00 2.106546052957339654e+01 4.620837100340202852e+01
1.862853935294450203e+00 2.032592031715476111e+01 4.606622691926020963e+01
1.878640833051182790e+00 1.959134126815706978e+01 4.498020074048481121e+01
1.894427730807915378e+00 1.888655389345924718e+01 4.305042152426485558e+01
1.910214628564648187e+00 1.821372777938059428e+01 4.094711719322241805e+01
1.926001526321380775e+00 1.757624614327612989e+01 4.031385807389054321e+01
1.941788424078113362e+00 1.692368432101609699e+01 4.133237691913127776e+01
1.957575321834845949e+00 1.625361008186392908e+01 4.181652904545829585e+01
1.973362219591578537e+00 1.558555539156143155e+01 4.172304886309790817e+01
1.989149117348311346e+00 1.491847251824479592e+01 4.222344689429896647e+01
2.004936015105043712e+00 1.423440509094386464e+01 4.315489035462189094e+01
2.020722912861776521e+00 1.353751602689689548e+01 4.340460473981977430e+01
2.036509810618509331e+00 1.284545773926963186e+01 4.209921650027531825e+01
2.052296708375241696e+00 1.219034109888808537e+01 3.982454239611365665e+01
2.068083606131974506e+00 1.157107238259399473e+01 3.739018109274733348e+01
2.083870503888706871e+00 1.099385530392017074e+01 3.561510051151567069e+01
2.099657401645439680e+00 1.043138916622549317e+01 3.307118343967380270e+01
2.115444299402172490e+00 9.935577433850609097e+00 2.930923134947982334e+01
2.131231197158904855e+00 9.493493763042138767e+00 2.561400710590133656e+01
2.147018094915637665e+00 9.115929206461766299e+00 2.103692241825338982e+01
2.162804992672370030e+00 8.820312245658030292e+00 1.561744527728087206e+01
2.178591890429102840e+00 8.616170957588778379e+00 1.019107543162828300e+01
2.194378788185835649e+00 8.494197831845925251e+00 4.159796294748995926e+00
2.210165685942568015e+00 8.483057476156810495e+00 -1.126884901382407822e+00
2.225952583699300824e+00 8.530258148690162301e+00 -5.676681580405073646e+00
2.241739481456033189e+00 8.664711286729772866e+00 -9.952253978855296168e+00
2.257526379212765999e+00 8.848730276013531793e+00 -1.202126202402864408e+01
2.273313276969498808e+00 9.049391671498689504e+00 -1.274082088340000496e+01
2.289100174726231174e+00 9.256436544282331980e+00 -1.296580225695886845e+01
2.304887072482963983e+00 9.464297343721373323e+00 -1.206920414195772295e+01
2.320673970239696349e+00 9.642651076824979128e+00 -1.086938338533688331e+01
2.336460867996429158e+00 9.812117612052153603e+00 -8.914785198706143277e+00
2.352247765753161524e+00 9.927924203183575713e+00 -7.093740698456751481e+00
2.368034663509894333e+00 1.003911731440276967e+01 -6.368356422694843033e+00
2.383821561266627143e+00 1.013171160870981069e+01 -4.647052042181298859e+00
2.399608459023359508e+00 1.018782297975257123e+01 -2.613617384771338426e+00
2.415395356780092317e+00 1.021534736502249352e+01 -9.025187827457203937e-01
2.431182254536824683e+00 1.021670358080043428e+01 8.821411879080809371e-01
2.446969152293557492e+00 1.018711884700943493e+01 2.310127086783686501e+00
2.462756050050290302e+00 1.014277951402335631e+01 4.415470530095332968e+00
2.478542947807022667e+00 1.004582379004638426e+01 6.774852386995600106e+00
2.494329845563755477e+00 9.925984237639497110e+00 8.117703759394578000e+00
2.510116743320487842e+00 9.786057269745757736e+00 9.530522815578700957e+00
2.525903641077220652e+00 9.621007507540978665e+00 1.111918656942240169e+01
2.541690538833953461e+00 9.430243299524240896e+00 1.272847385120412511e+01
2.557477436590685826e+00 9.213696344302446661e+00 1.360219276859914217e+01
2.573264334347418636e+00 8.994973130929068361e+00 1.404722538215397165e+01
2.589051232104151001e+00 8.764185132073519569e+00 1.469589562113127101e+01
2.604838129860883811e+00 8.524704471052867660e+00 1.509735020960445340e+01
2.620625027617616620e+00 8.281069925366177031e+00 1.510835938144289337e+01
2.636411925374348986e+00 8.041236970846695087e+00 1.469874200847315393e+01
2.652198823131081795e+00 7.810710181095036120e+00 1.406258604800819612e+01
2.667985720887814161e+00 7.591234217310432797e+00 1.412126034969257660e+01
2.683772618644546970e+00 7.358829849904873655e+00 1.371345513433747065e+01
2.699559516401279780e+00 7.152403653011633722e+00 1.256457804421456892e+01
2.715346414158012145e+00 6.956763352490007435e+00 1.101778250888235711e+01
2.731133311914744954e+00 6.799834612727398309e+00 8.910269884897264348e+00
2.746920209671477320e+00 6.671634716173294954e+00 6.134787606171615337e+00
2.762707107428210129e+00 6.603521409329906611e+00 2.320739268997257021e+00
2.778494005184942495e+00 6.597371059565382723e+00 -2.290144177051672614e+00
2.794280902941675304e+00 6.676806022995560141e+00 -6.805551172314072694e+00
2.810067800698408114e+00 6.815148697079433049e+00 -1.092970674360421768e+01
2.825854698455140479e+00 7.026556638790895093e+00 -1.528409112746412113e+01
2.841641596211873289e+00 7.304239613158284961e+00 -1.975977559428945796e+01
2.857428493968605654e+00 7.658869457808157755e+00 -2.385104289444458914e+01
2.873215391725338463e+00 8.067472985780511863e+00 -2.719397247438029552e+01
2.889002289482071273e+00 8.529076576988327218e+00 -2.969975844565170320e+01
2.904789187238803638e+00 9.017865256041366351e+00 -3.094791957533310267e+01
2.920576084995536448e+00 9.519410003398986575e+00 -3.176227151169158702e+01
2.936362982752268813e+00 1.003425794441549712e+01 -3.149169611628233056e+01
2.952149880509001623e+00 1.052714427912002115e+01 -3.085870586992789200e+01
2.967936778265734432e+00 1.102173653225318972e+01 -2.783279625495943321e+01
2.983723676022466798e+00 1.141779375927872309e+01 -2.270007899108883365e+01
2.999510573779199607e+00 1.174813905996803243e+01 -1.762689611136653056e+01
3.015297471535931972e+00 1.198185443484245205e+01 -1.271930026128714708e+01
3.031084369292664782e+00 1.215515666832922115e+01 -1.044109584006569413e+01
3.046871267049397591e+00 1.231596950172455429e+01 -8.309704086995550298e+00
3.062658164806129957e+00 1.242106719911307877e+01 -2.413629359063029778e+00
3.078445062562862766e+00 1.239320564121457124e+01 -1.233659461208902464e+00
3.094231960319595132e+00 1.246054430187176365e+01 -6.082176585208986630e+00
3.110018858076327941e+00 1.258783529194125883e+01 -6.860263926499077236e+00
3.125805755833060751e+00 1.268007274751973412e+01 -5.583027239515591766e+00
3.141592653589793116e+00 1.276649216360575778e+01 -5.401213505376478707e+00
