1.000000000000000021e-03 1.213424028287298881e+02 2.102313918337728182e+01
4.100000000000000172e-02 1.205014772613947969e+02 4.204627836675420838e+01
8.100000000000000255e-02 1.179787005593895515e+02 8.409255673350858729e+01
1.209999999999999964e-01 1.137740727227141093e+02 1.051156959168862244e+02
1.610000000000000042e-01 1.095694448860386530e+02 1.051156959168862244e+02
2.010000000000000120e-01 1.053648170493632108e+02 1.051156959168860539e+02
2.409999999999999920e-01 1.011601892126877686e+02 1.051156959168858691e+02
2.810000000000000275e-01 9.695556137601234070e+01 1.051156959168858691e+02
3.210000000000000075e-01 9.275093353933689855e+01 1.051156959168862244e+02
3.609999999999999876e-01 8.854630570266144218e+01 1.051156959168860539e+02
4.010000000000000231e-01 8.434167786598601424e+01 1.051156959168858691e+02
4.410000000000000031e-01 8.013705002931057209e+01 1.051156959168858691e+02
4.809999999999999831e-01 7.593242219263514414e+01 1.051156959168860539e+02
5.210000000000000187e-01 7.172779435595968778e+01 1.051156959168860539e+02
5.610000000000000542e-01 6.752316651928425983e+01 1.051156959168858691e+02
6.009999999999999787e-01 6.331853868260881768e+01 1.051156959168860539e+02
6.410000000000000142e-01 5.911391084593337553e+01 1.051156959168859686e+02
6.810000000000000497e-01 5.490928300925794048e+01 1.051156959168858691e+02
7.209999999999999742e-01 5.070465517258250543e+01 1.051156959168859686e+02
7.610000000000000098e-01 4.650002733590706328e+01 1.051156959168860539e+02
8.010000000000000453e-01 4.229539949923162112e+01 1.051156959168860539e+02
8.409999999999999698e-01 3.809077166255617897e+01 1.051156959168859686e+02
8.810000000000000053e-01 3.388614382588074392e+01 1.064702814835912505e+02
9.210000000000000409e-01 2.957314914386887850e+01 1.076645964202862018e+02
9.609999999999999654e-01 2.527297611225784735e+01 1.063100108535808630e+02
1.000999999999999890e+00 2.106834827558240875e+01 1.010520425653609777e+02
1.040999999999999925e+00 1.718881270702896913e+01 8.992217440491943137e+01
1.080999999999999961e+00 1.387457432318885431e+01 7.429953426501158731e+01
1.120999999999999996e+00 1.124484996582804186e+01 5.847341716453768612e+01
1.160999999999999810e+00 9.196700950025839205e+00 4.488708532887789460e+01
1.200999999999999845e+00 7.653883139517810186e+00 3.460594311500599929e+01
1.240999999999999881e+00 6.428225500825359262e+00 3.017070948626634319e+01
1.280999999999999917e+00 5.240226380616502588e+00 2.863238134872388940e+01
1.320999999999999952e+00 4.137634992927448074e+00 2.583041405204397023e+01
1.360999999999999988e+00 3.173793256452984934e+00 2.220116392789564586e+01
1.401000000000000023e+00 2.361541878695796459e+00 1.958858768156562746e+01
1.440999999999999837e+00 1.606706241927734702e+00 1.862995263531601609e+01
1.480999999999999872e+00 8.711456678705152834e-01 1.796571432857377104e+01
1.520999999999999908e+00 1.694490956418330807e-01 1.672518087045294166e+01
1.560999999999999943e+00 -4.668688017657199874e-01 1.436492349732279550e+01
1.600999999999999979e+00 -9.797447841439905769e-01 1.092562872869669199e+01
1.641000000000000014e+00 -1.340919100061455316e+00 6.528694904845994351e+00
1.680999999999999828e+00 -1.502040376531670107e+00 2.293590593118627119e+00
1.720999999999999863e+00 -1.524406347510945503e+00 1.441961333277536061e-01
1.760999999999999899e+00 -1.513576067197890396e+00 1.763345546094918781e-01
1.800999999999999934e+00 -1.538513111879704853e+00 7.375360636520611468e-01
1.840999999999999970e+00 -1.572578952290055287e+00 4.478808642891407565e-01
1.881000000000000005e+00 -1.574343581022836114e+00 -2.462482889284911547e-01
1.920999999999999819e+00 -1.552879089175775995e+00 -7.761671429741073824e-01
1.960999999999999854e+00 -1.512250209584907523e+00 -1.240392771097356572e+00
2.000999999999999890e+00 -1.453647667487987460e+00 -1.712463557463755892e+00
2.040999999999999925e+00 -1.375253124987807052e+00 -2.042016977271437828e+00
2.080999999999999961e+00 -1.290286309306272416e+00 -2.111572575318165779e+00
2.120999999999999996e+00 -1.206327318962353790e+00 -2.157819320876705582e+00
2.161000000000000032e+00 -1.117660763636135979e+00 -2.145437454163828583e+00
2.201000000000000068e+00 -1.034692322629247485e+00 -1.977844176598214654e+00
2.241000000000000103e+00 -9.594332295082788065e-01 -1.803903433941427048e+00
2.281000000000000139e+00 -8.903800479139333257e-01 -1.689783874500155880e+00
2.320999999999999730e+00 -8.242505195482663360e-01 -1.652604933445952939e+00
2.360999999999999766e+00 -7.581716532382570817e-01 -1.703895563113698497e+00
2.400999999999999801e+00 -6.879388744991704607e-01 -1.824918095023587927e+00
2.440999999999999837e+00 -6.121782056363700431e-01 -1.994279352882566414e+00
2.480999999999999872e+00 -5.283965262685651476e-01 -2.197647790408228108e+00
2.520999999999999908e+00 -4.363663824037117833e-01 -2.270508260597638994e+00
2.560999999999999943e+00 -3.467558654207540392e-01 -2.136012403774338431e+00
2.600999999999999979e+00 -2.654853901017646955e-01 -1.856083580460876847e+00
2.641000000000000014e+00 -1.982691789838838814e-01 -1.478221151120308052e+00
2.681000000000000050e+00 -1.472276980121400569e-01 -1.009813345865057332e+00
2.721000000000000085e+00 -1.174841113146792848e-01 -5.757429167233059086e-01
2.761000000000000121e+00 -1.011682646742755876e-01 -3.228015783624963997e-01
2.801000000000000156e+00 -9.165998504567957061e-02 -2.363198267399538588e-01
2.840999999999999748e+00 -8.226267853507927830e-02 -1.805235100689365213e-01
2.880999999999999783e+00 -7.721810424016464780e-02 -1.150564879889988679e-01
2.920999999999999819e+00 -7.305815949595936831e-02 -9.523549295501268497e-02
2.960999999999999854e+00 -6.959926480376363300e-02 -6.806463444657943895e-02
3.000999999999999890e+00 -6.761298874023301264e-02 -4.937665167663654597e-03
3.040999999999999925e+00 -6.920425159035054063e-02 6.601435842288078115e-02
3.080999999999999961e+00 -7.289413741406347569e-02 5.527074124193377680e-02
3.120999999999999996e+00 -7.362591088970524278e-02 -1.628361198831272671e-02
3.161000000000000032e+00 -7.159144845499845755e-02 -5.832156899341009448e-02
3.201000000000000068e+00 -6.896018537023243522e-02 -4.997254379583010442e-03
3.241000000000000103e+00 -7.119166810463181672e-02 7.953139182516419381e-02
3.281000000000000139e+00 -7.532269671624557128e-02 1.540680530265292614e-01
3.321000000000000174e+00 -8.351711234675415763e-02 2.338650423718380833e-01
3.360999999999999766e+00 -9.403190010599261905e-02 2.727067950919840889e-01
3.400999999999999801e+00 -1.053336559541128842e-01 2.104368712748012071e-01
3.440999999999999837e+00 -1.108668498079767167e-01 7.452111813082418212e-02
3.480999999999999872e+00 -1.112953454045788187e-01 -4.954520688010034812e-02
3.520999999999999908e+00 -1.069032332575686889e-01 -1.414453756112059590e-01
3.560999999999999943e+00 -9.997971535568234147e-02 -2.002255676299743159e-01
3.600999999999999979e+00 -9.088518784717074250e-02 -2.279408230426330784e-01
3.641000000000000014e+00 -8.174444951227169409e-02 -2.269325813446887163e-01
3.681000000000000050e+00 -7.273058133959564575e-02 -2.269327676012388162e-01
3.721000000000000085e+00 -6.358982810417258824e-02 -2.438900986148533345e-01
3.761000000000000121e+00 -5.321937345040737843e-02 -2.858308869599184843e-01
3.801000000000000156e+00 -4.072335714737911061e-02 -3.106595512636742273e-01
3.840999999999999748e+00 -2.836660934931344025e-02 -2.865470989192592244e-01
3.880999999999999783e+00 -1.779958923383837335e-02 -2.345841049923898802e-01
3.920999999999999819e+00 -9.599880949922250106e-03 -1.776339077218506424e-01
3.960999999999999854e+00 -3.588876616090321513e-03 -1.199985118740281298e-01
4.001000000000000334e+00 0.000000000000000000e+00 -8.972191540225803175e-02
