0.000000000000000000e+00 3.844830801785250856e+02 3.269484392166788211e+01
1.578689775673262907e-02 3.839599626757783994e+02 6.538968784333754058e+01
3.157379551346525814e-02 3.823906101675382843e+02 1.307793756866715285e+02
4.736069327019788722e-02 3.797750226538049105e+02 1.961690635300055021e+02
6.314759102693051629e-02 3.761132001345781077e+02 2.288639074516751748e+02
7.893448878366314536e-02 3.724513776153513049e+02 2.288639074516769369e+02
9.472138654039577443e-02 3.687895550961244453e+02 2.288639074516769369e+02
1.105082842971284035e-01 3.651277325768976425e+02 2.288639074516751748e+02
1.262951820538610326e-01 3.614659100576708397e+02 2.288639074516751748e+02
1.420820798105936755e-01 3.578040875384440369e+02 2.288639074516751748e+02
1.578689775673262907e-01 3.541422650192172341e+02 2.288639074516751748e+02
1.736558753240589059e-01 3.504804424999904313e+02 2.288639074516751748e+02
1.894427730807915489e-01 3.468186199807636285e+02 2.288639074516769369e+02
2.052296708375241918e-01 3.431567974615367689e+02 2.288639074516769369e+02
2.210165685942568070e-01 3.394949749423099661e+02 2.288639074516751748e+02
2.368034663509894222e-01 3.358331524230831633e+02 2.288639074516769369e+02
2.525903641077220652e-01 3.321713299038563036e+02 2.288639074516769369e+02
2.683772618644547081e-01 3.285095073846295008e+02 2.288639074516751748e+02
2.841641596211873511e-01 3.248476848654026981e+02 2.288639074516733842e+02
2.999510573779199385e-01 3.211858623461759521e+02 2.288639074516733842e+02
3.157379551346525814e-01 3.175240398269491493e+02 2.288639074516769369e+02
3.315248528913852244e-01 3.138622173077222897e+02 2.288639074516769369e+02
3.473117506481178118e-01 3.102003947884954869e+02 2.288639074516751748e+02
3.630986484048504548e-01 3.065385722692686841e+02 2.288639074516751748e+02
3.788855461615830977e-01 3.028767497500418813e+02 2.288639074516751748e+02
3.946724439183157407e-01 2.992149272308150785e+02 2.288639074516751748e+02
4.104593416750483836e-01 2.955531047115882757e+02 2.288639074516751748e+02
4.262462394317809711e-01 2.918912821923614729e+02 2.288639074516751748e+02
4.420331371885136140e-01 2.882294596731346701e+02 2.288639074516751748e+02
4.578200349452462570e-01 2.845676371539078673e+02 2.288639074516751748e+02
4.736069327019788444e-01 2.809058146346810645e+02 2.288639074516769369e+02
4.893938304587114874e-01 2.772439921154542048e+02 2.288639074516769369e+02
5.051807282154441303e-01 2.735821695962274021e+02 2.288639074516751748e+02
5.209676259721767178e-01 2.699203470770005993e+02 2.288639074516751748e+02
5.367545237289094162e-01 2.662585245577737965e+02 2.288639074516751748e+02
5.525414214856420037e-01 2.625967020385469937e+02 2.288639074516751748e+02
5.683283192423747021e-01 2.589348795193201909e+02 2.288639074516742937e+02
5.841152169991072896e-01 2.552730570000934165e+02 2.288639074516742937e+02
5.999021147558398770e-01 2.516112344808666137e+02 2.288639074516751748e+02
6.156890125125725755e-01 2.479494119616398109e+02 2.288639074516751748e+02
6.314759102693051629e-01 2.442875894424130081e+02 2.288639074516751748e+02
6.472628080260377503e-01 2.406257669231862053e+02 2.288639074516751748e+02
6.630497057827704488e-01 2.369639444039594025e+02 2.288639074516751748e+02
6.788366035395030362e-01 2.333021218847325997e+02 2.288639074516760559e+02
6.946235012962356237e-01 2.296402993655057685e+02 2.288639074516760559e+02
7.104103990529683221e-01 2.259784768462789657e+02 2.288639074516760559e+02
7.261972968097009096e-01 2.223166543270521345e+02 2.288639074516751748e+02
7.419841945664336080e-01 2.186548318078253601e+02 2.288639074516760559e+02
7.577710923231661955e-01 2.149930092885985005e+02 2.288639074516769369e+02
7.735579900798987829e-01 2.113311867693716977e+02 2.288639074516751748e+02
7.893448878366314814e-01 2.076693642501448949e+02 2.288639074516751748e+02
8.051317855933640688e-01 2.040075417309180921e+02 2.288639074516751748e+02
8.209186833500967673e-01 2.003457192116912893e+02 2.288639074516751748e+02
8.367055811068293547e-01 1.966838966924644865e+02 2.288639074516751748e+02
8.524924788635619421e-01 1.930220741732376837e+02 2.288639074516751748e+02
8.682793766202946406e-01 1.893602516540108809e+02 2.288639074516751748e+02
8.840662743770272280e-01 1.856984291347840781e+02 2.288639074516751748e+02
8.998531721337598155e-01 1.820366066155572753e+02 2.288639074516751748e+02
9.156400698904925139e-01 1.783747840963304725e+02 2.288639074516760559e+02
9.314269676472251014e-01 1.747129615771036413e+02 2.288639074516760559e+02
9.472138654039576888e-01 1.710511390578768385e+02 2.288639074516751748e+02
9.630007631606903873e-01 1.673893165386500357e+02 2.288639074516760559e+02
9.787876609174229747e-01 1.637274940194232045e+02 2.288639074516760559e+02
9.945745586741556732e-01 1.600656715001964017e+02 2.288639074516760559e+02
1.010361456430888261e+00 1.564038489809695704e+02 2.288639074516751748e+02
1.026148354187620848e+00 1.527420264617427961e+02 2.288639074516742937e+02
1.041935251944353436e+00 1.490802039425159933e+02 2.288639074516760559e+02
1.057722149701086245e+00 1.454183814232891621e+02 2.288639074516760559e+02
1.073509047457818832e+00 1.417565589040623593e+02 2.288639074516751748e+02
1.089295945214551420e+00 1.380947363848355565e+02 2.288639074516751748e+02
1.105082842971284007e+00 1.344329138656087537e+02 2.288639074516751748e+02
1.120869740728016595e+00 1.307710913463819509e+02 2.288639074516751748e+02
1.136656638484749404e+00 1.271092688271551481e+02 2.288639074516756011e+02
1.152443536241481992e+00 1.234474463079283311e+02 2.288639074516756011e+02
1.168230433998214579e+00 1.197856237887015283e+02 2.288639074516756011e+02
1.184017331754947167e+00 1.161238012694747113e+02 2.288639074516751748e+02
1.199804229511679754e+00 1.124619787502479227e+02 2.288639074516747201e+02
1.215591127268412341e+00 1.088001562310211199e+02 2.288639074516751748e+02
1.231378025025145151e+00 1.051383337117943171e+02 2.288639074516756011e+02
1.247164922781877738e+00 1.014765111925675001e+02 2.288639074516756011e+02
1.262951820538610326e+00 9.781468867334069728e+01 2.288639074516751748e+02
1.278738718295342913e+00 9.415286615411389448e+01 2.288639074516751748e+02
1.294525616052075501e+00 9.049104363488709168e+01 2.288639074516756011e+02
1.310312513808808310e+00 8.682922111566027468e+01 2.288639074516756011e+02
1.326099411565540898e+00 8.316739859643347188e+01 2.288639074516751748e+02
1.341886309322273485e+00 7.950557607720666908e+01 2.288639074516751748e+02
1.357673207079006072e+00 7.584375355797986629e+01 2.288639074516756011e+02
1.373460104835738660e+00 7.218193103875304928e+01 2.193169587326217993e+02
1.389247002592471247e+00 6.882561087853596860e+01 2.052374066274973359e+02
1.405033900349204057e+00 6.561433402667313430e+01 1.852959734580701365e+02
1.420820798105936644e+00 6.289613972787772411e+01 1.544783138913550147e+02
1.436607695862669232e+00 6.067102798214977355e+01 1.304390442305778492e+02
1.452394593619401819e+00 5.872209031249923328e+01 1.090780131676900595e+02
1.468181491376134407e+00 5.718053156078369170e+01 7.199739863080046121e+01
1.483968389132867216e+00 5.641817355631361863e+01 3.987817311558927713e+01
1.499755286889599804e+00 5.590443002108483483e+01 2.479953720272698448e+01
1.515542184646332391e+00 5.562458836582635513e+01 2.517126748520781376e+01
1.531329082403064978e+00 5.509894946155818474e+01 4.973718378120373274e+01
1.547115980159797566e+00 5.403299848482783574e+01 6.055950130122322861e+01
1.562902877916530375e+00 5.316104541991904142e+01 6.068696143138385679e+01
1.578689775673262963e+00 5.209101571902355232e+01 9.075417076969193886e+01
1.594476673429995550e+00 5.025691195528889921e+01 1.272200212456764348e+02
1.610263571186728138e+00 4.801997503916190624e+01 1.468204489508002553e+02
1.626050468943460725e+00 4.555865758886329075e+01 1.441460206092759506e+02
1.641837366700193535e+00 4.340730237966507588e+01 1.189701980835904322e+02
1.657624264456926122e+00 4.175161125018839670e+01 1.081724696686601135e+02
1.673411162213658709e+00 3.994578335026795202e+01 1.058599227981813442e+02
1.689198059970391297e+00 3.836409372064659351e+01 7.981184301852461260e+01
1.704984957727123884e+00 3.739180437367516419e+01 5.194373081985470719e+01
1.720771855483856472e+00 3.670189433441124294e+01 3.026824233871816361e+01
1.736558753240589281e+00 3.642322061883618289e+01 2.223394726000216082e+01
1.752345650997321869e+00 3.599040802209117373e+01 3.078113947312899157e+01
1.768132548754054456e+00 3.543822415569605511e+01 3.050895034892331381e+01
1.783919446510787044e+00 3.501412161092562769e+01 3.251931563137144821e+01
1.799706344267519631e+00 3.439760605549216876e+01 4.828777384119909044e+01
1.815493242024252440e+00 3.346891284800725685e+01 6.155076977101070668e+01
1.831280139780985028e+00 3.242798142281982621e+01 7.374448247992492611e+01
1.847067037537717615e+00 3.110908940864965899e+01 8.320578754402352217e+01
1.862853935294450203e+00 2.976539622141107344e+01 8.319714185266025197e+01
1.878640833051182790e+00 2.844678086936453099e+01 8.621715316277611407e+01
1.894427730807915378e+00 2.700644732020223771e+01 8.685557798545228536e+01
1.910214628564648187e+00 2.566740237383005763e+01 8.148028498661142294e+01
1.926001526321380775e+00 2.439907820063067234e+01 7.913667625858877841e+01
1.941788424078113362e+00 2.313502873355521672e+01 7.661778976223088478e+01
1.957575321834845949e+00 2.194730892823928414e+01 7.560826374196282984e+01
1.973362219591578537e+00 2.071556429381240605e+01 7.662595907738479184e+01
1.989149117348311346e+00 1.949527823776297097e+01 7.527837850947427967e+01
2.004936015105043712e+00 1.830665618150922924e+01 7.323468109521036240e+01
2.020722912861776521e+00 1.715176844271623935e+01 7.269852489413186447e+01
2.036509810618509331e+00 1.598030338489700952e+01 7.128642577260313828e+01
2.052296708375241696e+00 1.487060281799293904e+01 6.848951301201155673e+01
2.068083606131974506e+00 1.378863896851263959e+01 6.516167965016316543e+01
2.083870503888706871e+00 1.278542906918771749e+01 6.105419747137707986e+01
2.099657401645439680e+00 1.183490464942857301e+01 5.701747086670427933e+01
2.115444299402172490e+00 1.096087000145318058e+01 5.280270943318387822e+01
2.131231197158904855e+00 1.014521794756668882e+01 4.893667958012009933e+01
2.147018094915637665e+00 9.394896254889337328e+00 4.475716341065105297e+01
2.162804992672370030e+00 8.712988718425854984e+00 4.045577552023382850e+01
2.178591890429102840e+00 8.100311438241854844e+00 3.698259864281838816e+01
2.194378788185835649e+00 7.529545561855666591e+00 3.445776797608940001e+01
2.210165685942568015e+00 6.997662863006993916e+00 3.196930000502623415e+01
2.225952583699300824e+00 6.506527961694827056e+00 2.897201117015041305e+01
2.241739481456033189e+00 6.070558505562180684e+00 2.501043159112048642e+01
2.257526379212765999e+00 5.706194150778971519e+00 2.118633943389572138e+01
2.273313276969498808e+00 5.392595643677517536e+00 1.807583068208412769e+01
2.289100174726231174e+00 5.127767568952279476e+00 1.404634798004417107e+01
2.304887072482963983e+00 4.943112508316104048e+00 8.583508599286499674e+00
2.320673970239696349e+00 4.853095293775111507e+00 3.573390130884646076e+00
2.336460867996429158e+00 4.828764024127795373e+00 -6.298208750244727039e-01
2.352247765753161524e+00 4.873249561775894634e+00 -4.274525312488147932e+00
2.368034663509894333e+00 4.965548834127416100e+00 -7.606050403656444914e+00
2.383821561266627143e+00 5.116643174692900864e+00 -1.090482533451947411e+01
2.399608459023359508e+00 5.314503244832039286e+00 -1.338255509035199431e+01
2.415395356780092317e+00 5.544884937584164675e+00 -1.457779908571138527e+01
2.431182254536824683e+00 5.780992815574803600e+00 -1.530415917131974801e+01
2.446969152293557492e+00 6.034618031066396604e+00 -1.531503347048510122e+01
2.462756050050290302e+00 6.271073886630326832e+00 -1.478977868677747054e+01
2.478542947807022667e+00 6.507890949043275697e+00 -1.403752210329447969e+01
2.494329845563755477e+00 6.720274593935750218e+00 -1.297660277667161921e+01
2.510116743320487842e+00 6.923142237896767526e+00 -1.112166918339471700e+01
2.525903641077220652e+00 7.076168007804381155e+00 -8.721717137903622685e+00
2.541690538833953461e+00 7.202237186309683459e+00 -6.642408032599855794e+00
2.557477436590685826e+00 7.288725064847576540e+00 -4.575423100287107303e+00
2.573264334347418636e+00 7.348650725518870885e+00 -2.206520519434457039e+00
2.589051232104151001e+00 7.359333721469479173e+00 -1.018523404234250584e-01
2.604838129860883811e+00 7.351910000412420487e+00 2.420513820823782858e+00
2.620625027617616620e+00 7.281877279203118114e+00 4.791928459635663273e+00
2.636411925374348986e+00 7.198568289704079248e+00 6.514753286512436681e+00
2.652198823131081795e+00 7.073405174034720133e+00 8.554025122704089767e+00
2.667985720887814161e+00 6.924839485777548376e+00 9.947936410460627599e+00
2.683772618644546970e+00 6.755071208899980029e+00 1.074140905603157492e+01
2.699559516401279780e+00 6.581114395984537957e+00 1.258689802694964932e+01
2.715346414158012145e+00 6.352290472037591229e+00 1.411535596875698673e+01
2.731133311914744954e+00 6.129423004984314360e+00 1.505193473250196412e+01
2.746920209671477320e+00 5.870628560597528356e+00 1.637319246224192071e+01
2.762707107428210129e+00 5.605480846192572919e+00 1.732080542689901037e+01
2.778494005184942495e+00 5.316362786936760010e+00 1.867839090242157241e+01
2.794280902941675304e+00 5.007772337315082645e+00 1.956576324215494722e+01
2.810067800698408114e+00 4.690258363187801649e+00 1.911933144708422105e+01
2.825854698455140479e+00 4.395953731008387599e+00 1.802081216635989591e+01
2.841641596211873289e+00 4.113592373864285001e+00 1.607733405401873128e+01
2.857428493968605654e+00 3.881479041279788156e+00 1.403403529830221608e+01
2.873215391725338463e+00 3.664503244318614072e+00 1.126713377936186511e+01
2.889002289482071273e+00 3.520930760340208465e+00 7.110001093201812061e+00
2.904789187238803638e+00 3.436983209336156087e+00 3.548594823513925967e+00
2.920576084995536448e+00 3.407375725987762838e+00 1.085634933954165993e+00
2.936362982752268813e+00 3.402242891449622775e+00 -7.405037796659186267e-01
2.952149880509001623e+00 3.431071846937072234e+00 -2.001768047520585458e+00
2.967936778265734432e+00 3.466299468970281517e+00 -4.136430164287871136e+00
2.983723676022466798e+00 3.563437612194284121e+00 -5.331540264464584844e+00
2.999510573779199607e+00 3.636908757433148232e+00 -5.270945005939483785e+00
3.015297471535931972e+00 3.732107852384347613e+00 -4.311647566759627459e+00
3.031084369292664782e+00 3.774881479569456300e+00 -3.493541064892788484e+00
3.046871267049397591e+00 3.843901166460916841e+00 -6.052663506506252844e+00
3.062658164806129957e+00 3.968566711777656408e+00 -9.638511886414431018e+00
3.078445062562862766e+00 4.152333546826178612e+00 -1.099163455222709729e+01
3.094231960319595132e+00 4.320299017448923529e+00 -1.119564836437220201e+01
3.110018858076327941e+00 4.510594294486089062e+00 -1.279920104355305988e+01
3.125805755833060751e+00 4.729873450842621452e+00 -1.685783844978658408e+01
3.141592653589793116e+00 5.050045124879259717e+00 -2.001072962728989069e+01
