0.000000000000000000e+00 3.505475729791387494e+02 2.701432201069309258e+01
1.578689775673262907e-02 3.501153438269676599e+02 5.402864402138618516e+01
3.157379551346525814e-02 3.488186563704543914e+02 1.080572880427723703e+02
4.736069327019788722e-02 3.466575106095989440e+02 1.620859320641585555e+02
6.314759102693051629e-02 3.436319065444013177e+02 1.891002540748516481e+02
7.893448878366314536e-02 3.406063024792036913e+02 1.891002540748498575e+02
9.472138654039577443e-02 3.375806984140061218e+02 1.891002540748498575e+02
1.105082842971284035e-01 3.345550943488084954e+02 1.891002540748534102e+02
1.262951820538610326e-01 3.315294902836108122e+02 1.891002540748534102e+02
1.420820798105936755e-01 3.285038862184131858e+02 1.891002540748498575e+02
1.578689775673262907e-01 3.254782821532156163e+02 1.891002540748498575e+02
1.736558753240589059e-01 3.224526780880179899e+02 1.891002540748516481e+02
1.894427730807915489e-01 3.194270740228203636e+02 1.891002540748516481e+02
2.052296708375241918e-01 3.164014699576227372e+02 1.891002540748516481e+02
2.210165685942568070e-01 3.133758658924251108e+02 1.891002540748516481e+02
2.368034663509894222e-01 3.103502618272274844e+02 1.891002540748498575e+02
2.525903641077220652e-01 3.073246577620299149e+02 1.891002540748498575e+02
2.683772618644547081e-01 3.042990536968322886e+02 1.891002540748516481e+02
2.841641596211873511e-01 3.012734496316346622e+02 1.891002540748516481e+02
2.999510573779199385e-01 2.982478455664370358e+02 1.891002540748516481e+02
3.157379551346525814e-01 2.952222415012394094e+02 1.891002540748516481e+02
3.315248528913852244e-01 2.921966374360417831e+02 1.891002540748516481e+02
3.473117506481178118e-01 2.891710333708441567e+02 1.891002540748516481e+02
3.630986484048504548e-01 2.861454293056465303e+02 1.891002540748516481e+02
3.788855461615830977e-01 2.831198252404489040e+02 1.891002540748516481e+02
3.946724439183157407e-01 2.800942211752512776e+02 1.891002540748516481e+02
4.104593416750483836e-01 2.770686171100536512e+02 1.891002540748516481e+02
4.262462394317809711e-01 2.740430130448560249e+02 1.891002540748516481e+02
4.420331371885136140e-01 2.710174089796583985e+02 1.891002540748516481e+02
4.578200349452462570e-01 2.679918049144607721e+02 1.891002540748498575e+02
4.736069327019788444e-01 2.649662008492632026e+02 1.891002540748498575e+02
4.893938304587114874e-01 2.619405967840655762e+02 1.891002540748516481e+02
5.051807282154441303e-01 2.589149927188679499e+02 1.891002540748525291e+02
5.209676259721767178e-01 2.558893886536702951e+02 1.891002540748525291e+02
5.367545237289094162e-01 2.528637845884726687e+02 1.891002540748507670e+02
5.525414214856420037e-01 2.498381805232750708e+02 1.891002540748507670e+02
5.683283192423747021e-01 2.468125764580774444e+02 1.891002540748516481e+02
5.841152169991072896e-01 2.437869723928798180e+02 1.891002540748516481e+02
5.999021147558398770e-01 2.407613683276821916e+02 1.891002540748516481e+02
6.156890125125725755e-01 2.377357642624845653e+02 1.891002540748516481e+02
6.314759102693051629e-01 2.347101601972869389e+02 1.891002540748516481e+02
6.472628080260377503e-01 2.316845561320893125e+02 1.891002540748516481e+02
6.630497057827704488e-01 2.286589520668916862e+02 1.891002540748516481e+02
6.788366035395030362e-01 2.256333480016940598e+02 1.891002540748516481e+02
6.946235012962356237e-01 2.226077439364964334e+02 1.891002540748507670e+02
7.104103990529683221e-01 2.195821398712988355e+02 1.891002540748498575e+02
7.261972968097009096e-01 2.165565358061012375e+02 1.891002540748507670e+02
7.419841945664336080e-01 2.135309317409036112e+02 1.891002540748498575e+02
7.577710923231661955e-01 2.105053276757060416e+02 1.891002540748498575e+02
7.735579900798987829e-01 2.074797236105084153e+02 1.891002540748516481e+02
7.893448878366314814e-01 2.044541195453107889e+02 1.891002540748516481e+02
8.051317855933640688e-01 2.014285154801131625e+02 1.891002540748516481e+02
8.209186833500967673e-01 1.984029114149155362e+02 1.891002540748516481e+02
8.367055811068293547e-01 1.953773073497179098e+02 1.891002540748516481e+02
8.524924788635619421e-01 1.923517032845202834e+02 1.891002540748516481e+02
8.682793766202946406e-01 1.893260992193226571e+02 1.891002540748516481e+02
8.840662743770272280e-01 1.863004951541250307e+02 1.891002540748516481e+02
8.998531721337598155e-01 1.832748910889274043e+02 1.891002540748516481e+02
9.156400698904925139e-01 1.802492870237297780e+02 1.891002540748516481e+02
9.314269676472251014e-01 1.772236829585321516e+02 1.891002540748516481e+02
9.472138654039576888e-01 1.741980788933345252e+02 1.891002540748516481e+02
9.630007631606903873e-01 1.711724748281368989e+02 1.891002540748507670e+02
9.787876609174229747e-01 1.681468707629393009e+02 1.891002540748507670e+02
9.945745586741556732e-01 1.651212666977416745e+02 1.891002540748516481e+02
1.010361456430888261e+00 1.620956626325440482e+02 1.891002540748516481e+02
1.026148354187620848e+00 1.590700585673464218e+02 1.891002540748516481e+02
1.041935251944353436e+00 1.560444545021487954e+02 1.891002540748507670e+02
1.057722149701086245e+00 1.530188504369511975e+02 1.891002540748507670e+02
1.073509047457818832e+00 1.499932463717535711e+02 1.891002540748516481e+02
1.089295945214551420e+00 1.469676423065559447e+02 1.891002540748516481e+02
1.105082842971284007e+00 1.439420382413583184e+02 1.891002540748516481e+02
1.120869740728016595e+00 1.409164341761606920e+02 1.891002540748516481e+02
1.136656638484749404e+00 1.378908301109630656e+02 1.891002540748516481e+02
1.152443536241481992e+00 1.348652260457654393e+02 1.891002540748516481e+02
1.168230433998214579e+00 1.318396219805678129e+02 1.891002540748516481e+02
1.184017331754947167e+00 1.288140179153701865e+02 1.891002540748516481e+02
1.199804229511679754e+00 1.257884138501725602e+02 1.891002540748511933e+02
1.215591127268412341e+00 1.227628097849749480e+02 1.891002540748511933e+02
1.231378025025145151e+00 1.197372057197773216e+02 1.891002540748511933e+02
1.247164922781877738e+00 1.167116016545797095e+02 1.891002540748511933e+02
1.262951820538610326e+00 1.136859975893820831e+02 1.891002540748516481e+02
1.278738718295342913e+00 1.106603935241844567e+02 1.891002540748516481e+02
1.294525616052075501e+00 1.076347894589868304e+02 1.891002540748516481e+02
1.310312513808808310e+00 1.046091853937892040e+02 1.891002540748511933e+02
1.326099411565540898e+00 1.015835813285915918e+02 1.891002540748507670e+02
1.341886309322273485e+00 9.855797726339397968e+01 1.891002540748511933e+02
1.357673207079006072e+00 9.553237319819635331e+01 1.891002540748511933e+02
1.373460104835738660e+00 9.250676913299874116e+01 1.891002540748507670e+02
1.389247002592471247e+00 8.948116506780112900e+01 1.891002540748516481e+02
1.405033900349204057e+00 8.645556100260348842e+01 1.891002540748520744e+02
1.420820798105936644e+00 8.342995693740586205e+01 1.891002540748511933e+02
1.436607695862669232e+00 8.040435287220824989e+01 1.891002540748511933e+02
1.452394593619401819e+00 7.737874880701062352e+01 1.891002540748516481e+02
1.468181491376134407e+00 7.435314474181299715e+01 1.891002540748516481e+02
1.483968389132867216e+00 7.132754067661537078e+01 1.891002540748511933e+02
1.499755286889599804e+00 6.830193661141775863e+01 1.957513269359751860e+02
1.515542184646332391e+00 6.506349821466416472e+01 1.946106246443168857e+02
1.531329082403064978e+00 6.207439662279961823e+01 1.879595517831928930e+02
1.547115980159797566e+00 5.904879255760199186e+01 1.815914737914934278e+02
1.562902877916530375e+00 5.626346946147182848e+01 1.603440205437429711e+02
1.578689775673262963e+00 5.391778390020221678e+01 1.430335434956577672e+02
1.594476673429995550e+00 5.168639606961077959e+01 1.396856770513437027e+02
1.610263571186728138e+00 4.944784223455921790e+01 1.215566249579575953e+02
1.626050468943460725e+00 4.779658407095613626e+01 8.866118445372372037e+01
1.641837366700193535e+00 4.661068433204005856e+01 6.119975160551316407e+01
1.657624264456926122e+00 4.583819201957971501e+01 4.828408202248923686e+01
1.673411162213658709e+00 4.506559370732040293e+01 5.446059890033905049e+01
1.689198059970391297e+00 4.409545285476886534e+01 5.498412159027976287e+01
1.704984957727123884e+00 4.330610181643145040e+01 4.368669934344215733e+01
1.720771855483856472e+00 4.269747847577871624e+01 4.224939581191456028e+01
1.736558753240589281e+00 4.195412115045018453e+01 7.095843553315140184e+01
1.752345650997321869e+00 4.042680853871787150e+01 9.705970187659463022e+01
1.768132548754054456e+00 3.884821069039915642e+01 9.885354850213711586e+01
1.783919446510787044e+00 3.726349498664948356e+01 1.009407973224132320e+02
1.799706344267519631e+00 3.561810517608193294e+01 1.078804784404765371e+02
1.815493242024252440e+00 3.381131967655423409e+01 1.094899246650793430e+02
1.831280139780985028e+00 3.211442758679939402e+01 1.027527977266834398e+02
1.847067037537717615e+00 3.052323014930036393e+01 8.666781075362517583e+01
1.862853935294450203e+00 2.934105764268338845e+01 7.881287638234401527e+01
1.878640833051182790e+00 2.800121810506535525e+01 8.350766952450705105e+01
1.894427730807915378e+00 2.666881221789916268e+01 8.020179667035954196e+01
1.910214628564648187e+00 2.543476061161385005e+01 7.223326422866504970e+01
1.926001526321380775e+00 2.435734776258188106e+01 6.834416498422967834e+01
1.941788424078113362e+00 2.324774733211850020e+01 7.197597989272364316e+01
1.957575321834845949e+00 2.205411640601472456e+01 7.736734408387668793e+01
1.973362219591578537e+00 2.077199232143444618e+01 7.665202582788887753e+01
1.989149117348311346e+00 1.960125157952228037e+01 7.185429746263149298e+01
2.004936015105043712e+00 1.847265480263023818e+01 7.045108290405389084e+01
2.020722912861776521e+00 1.734681692659255603e+01 7.010413297031547586e+01
2.036509810618509331e+00 1.622932254758014281e+01 6.795004375819735287e+01
2.052296708375241696e+00 1.517241552633024071e+01 6.518445784669634691e+01
2.068083606131974506e+00 1.414341989648585951e+01 6.265555670330891047e+01
2.083870503888706871e+00 1.316743771182435552e+01 5.965913501316555312e+01
2.099657401645439680e+00 1.223432757606456178e+01 5.676520469050277740e+01
2.115444299402172490e+00 1.135095116172826657e+01 5.379981114030229605e+01
2.131231197158904855e+00 1.051273361957488817e+01 5.087144035711216361e+01
2.147018094915637665e+00 9.723065070300677348e+00 4.852992973377967445e+01
2.162804992672370030e+00 8.959775868093938556e+00 4.519996620719829394e+01
2.178591890429102840e+00 8.276666151670331928e+00 4.026397780417381966e+01
2.194378788185835649e+00 7.671328578360376405e+00 3.579480680192942543e+01
2.210165685942568015e+00 7.131232334008590357e+00 3.234354525295285043e+01
2.225952583699300824e+00 6.636335130265885063e+00 2.822086111374325057e+01
2.241739481456033189e+00 6.228164778368806331e+00 2.391795285470968224e+01
2.257526379212765999e+00 5.870960638915175167e+00 1.996393385404040899e+01
2.273313276969498808e+00 5.589318895039513180e+00 1.594518334703051643e+01
2.289100174726231174e+00 5.360714771810198620e+00 1.294256112852798424e+01
2.304887072482963983e+00 5.175156938926617656e+00 9.924661646697419570e+00
2.320673970239696349e+00 5.043125599115881208e+00 5.764248848663861224e+00
2.336460867996429158e+00 4.990700975769374104e+00 2.576021582506027308e+00
2.352247765753161524e+00 4.960692908475688334e+00 3.829198629687335931e-02
2.368034663509894333e+00 4.989475632207874156e+00 -3.822362195973677323e+00
2.383821561266627143e+00 5.083008498746846016e+00 -7.296584002088046361e+00
2.399608459023359508e+00 5.222966320274691654e+00 -1.030425473958249150e+01
2.415395356780092317e+00 5.412744650413485736e+00 -1.174729220857392775e+01
2.431182254536824683e+00 5.598879670949057363e+00 -1.213577570950913298e+01
2.446969152293557492e+00 5.801089473117778006e+00 -1.415034312570670494e+01
2.462756050050290302e+00 6.051690650971671914e+00 -1.597748843302757038e+01
2.478542947807022667e+00 6.312369102974660251e+00 -1.499074146248796602e+01
2.494329845563755477e+00 6.531394377771286841e+00 -1.354284722206006109e+01
2.510116743320487842e+00 6.745740214080582220e+00 -1.266324890747086407e+01
2.525903641077220652e+00 6.936618342810354498e+00 -1.299741316335067864e+01
2.541690538833953461e+00 7.161657435307803965e+00 -1.229699498529643265e+01
2.557477436590685826e+00 7.330122182339840364e+00 -8.457981857837499007e+00
2.573264334347418636e+00 7.432312854758603926e+00 -5.341138616736906819e+00
2.589051232104151001e+00 7.501038618075421383e+00 -4.280057830246152939e+00
2.604838129860883811e+00 7.569274705326480834e+00 -2.348031368324066115e+00
2.620625027617616620e+00 7.576175621861791498e+00 9.591658471242436867e-01
2.636411925374348986e+00 7.538581398218505036e+00 4.221692892086292836e+00
2.652198823131081795e+00 7.441081449315030127e+00 6.997078351443197342e+00
2.667985720887814161e+00 7.314674890972322707e+00 9.269326637042606620e+00
2.683772618644546970e+00 7.144462996929666687e+00 1.264899785664019838e+01
2.699559516401279780e+00 6.909906959559836359e+00 1.715284830244664960e+01
2.715346414158012145e+00 6.595571851251373907e+00 2.038444939823186175e+01
2.731133311914744954e+00 6.257604578816416740e+00 2.214422447236133351e+01
2.746920209671477320e+00 5.886956668135811199e+00 2.475928314852776424e+01
2.762707107428210129e+00 5.465307518063528214e+00 2.564552335365416269e+01
2.778494005184942495e+00 5.066299920818877922e+00 2.399502007832818151e+01
2.794280902941675304e+00 4.697466875557026356e+00 2.191724384541831938e+01
2.810067800698408114e+00 4.364948117765491631e+00 1.800339092870395419e+01
2.825854698455140479e+00 4.121358365838499793e+00 1.462243124699107177e+01
2.841641596211873289e+00 3.897030317861777338e+00 1.348858626419660567e+01
2.857428493968605654e+00 3.689723605384208405e+00 1.143570654598179104e+01
2.873215391725338463e+00 3.531087708390360014e+00 1.004939263862063292e+01
2.889002289482071273e+00 3.368143040948348155e+00 9.255518530167899272e+00
2.904789187238803638e+00 3.234911115424987216e+00 6.748385605314335400e+00
2.920576084995536448e+00 3.152194701578289404e+00 5.604373172623675181e+00
2.936362982752268813e+00 3.055571173901029614e+00 4.378838406610727318e+00
2.952149880509001623e+00 3.012071872566746134e+00 1.584585075833921941e-01
2.967936778265734432e+00 3.050500501658361063e+00 -4.552328172029995734e+00
2.983723676022466798e+00 3.157746374071705997e+00 -9.040950733548838159e+00
2.999510573779199607e+00 3.339810925131923902e+00 -1.137940747626250904e+01
3.015297471535931972e+00 3.521887413312106307e+00 -9.866058523472261754e+00
3.031084369292664782e+00 3.655524797883036303e+00 -7.105132777874375805e+00
3.046871267049397591e+00 3.749251662204086344e+00 -5.108306224995875944e+00
3.062658164806129957e+00 3.818990597082904337e+00 -3.666534844805835469e+00
3.078445062562862766e+00 3.866580777237873079e+00 -4.438266521332598025e+00
3.094231960319595132e+00 3.961015125765547484e+00 -7.245875541279672483e+00
3.110018858076327941e+00 4.098448794558822605e+00 -9.090653739206159045e+00
3.125805755833060751e+00 4.251916045420144563e+00 -1.021848969009880825e+01
3.141592653589793116e+00 4.425440464641984484e+00 -1.084527620136499415e+01
