0.000000000000000000e+00 2.880301155249202338e+02 2.156340450428473332e+01
1.578689775673262907e-02 2.876851010528516781e+02 4.312680900857124300e+01
3.157379551346525814e-02 2.866500576366459541e+02 8.625361801714070964e+01
4.736069327019788722e-02 2.849249852763031754e+02 1.293804270257119526e+02
6.314759102693051629e-02 2.825098839718231716e+02 1.509438315299984481e+02
7.893448878366314536e-02 2.800947826673432246e+02 1.509438315299966860e+02
9.472138654039577443e-02 2.776796813628632776e+02 1.509438315299966860e+02
1.105082842971284035e-01 2.752645800583833307e+02 1.509438315299966860e+02
1.262951820538610326e-01 2.728494787539033837e+02 1.509438315299966860e+02
1.420820798105936755e-01 2.704343774494234367e+02 1.509438315299984481e+02
1.578689775673262907e-01 2.680192761449434329e+02 1.509438315299984481e+02
1.736558753240589059e-01 2.656041748404634859e+02 1.509438315299966860e+02
1.894427730807915489e-01 2.631890735359835389e+02 1.509438315299984481e+02
2.052296708375241918e-01 2.607739722315035351e+02 1.509438315299966860e+02
2.210165685942568070e-01 2.583588709270236450e+02 1.509438315299948954e+02
2.368034663509894222e-01 2.559437696225436980e+02 1.509438315299975670e+02
2.525903641077220652e-01 2.535286683180637226e+02 1.509438315299984481e+02
2.683772618644547081e-01 2.511135670135837472e+02 1.509438315299975670e+02
2.841641596211873511e-01 2.486984657091038002e+02 1.509438315299966860e+02
2.999510573779199385e-01 2.462833644046238533e+02 1.509438315299966860e+02
3.157379551346525814e-01 2.438682631001439063e+02 1.509438315299975670e+02
3.315248528913852244e-01 2.414531617956639309e+02 1.509438315299975670e+02
3.473117506481178118e-01 2.390380604911839839e+02 1.509438315299966860e+02
3.630986484048504548e-01 2.366229591867040369e+02 1.509438315299975670e+02
3.788855461615830977e-01 2.342078578822240615e+02 1.509438315299975670e+02
3.946724439183157407e-01 2.317927565777441146e+02 1.509438315299966860e+02
4.104593416750483836e-01 2.293776552732641676e+02 1.509438315299966860e+02
4.262462394317809711e-01 2.269625539687842206e+02 1.509438315299966860e+02
4.420331371885136140e-01 2.245474526643042736e+02 1.509438315299966860e+02
4.578200349452462570e-01 2.221323513598243267e+02 1.509438315299966860e+02
4.736069327019788444e-01 2.197172500553443797e+02 1.509438315299984481e+02
4.893938304587114874e-01 2.173021487508643759e+02 1.509438315299984481e+02
5.051807282154441303e-01 2.148870474463844289e+02 1.509438315299966860e+02
5.209676259721767178e-01 2.124719461419044819e+02 1.509438315299975670e+02
5.367545237289094162e-01 2.100568448374245065e+02 1.509438315299966860e+02
5.525414214856420037e-01 2.076417435329445880e+02 1.509438315299958049e+02
5.683283192423747021e-01 2.052266422284646410e+02 1.509438315299984481e+02
5.841152169991072896e-01 2.028115409239846372e+02 1.509438315299984481e+02
5.999021147558398770e-01 2.003964396195046902e+02 1.509438315299966860e+02
6.156890125125725755e-01 1.979813383150247432e+02 1.509438315299975670e+02
6.314759102693051629e-01 1.955662370105447678e+02 1.509438315299966860e+02
6.472628080260377503e-01 1.931511357060648493e+02 1.509438315299958049e+02
6.630497057827704488e-01 1.907360344015849023e+02 1.509438315299984481e+02
6.788366035395030362e-01 1.883209330971048985e+02 1.509438315299984481e+02
6.946235012962356237e-01 1.859058317926249515e+02 1.509438315299958049e+02
7.104103990529683221e-01 1.834907304881450330e+02 1.509438315299966860e+02
7.261972968097009096e-01 1.810756291836650576e+02 1.509438315299975670e+02
7.419841945664336080e-01 1.786605278791851106e+02 1.509438315299966860e+02
7.577710923231661955e-01 1.762454265747051636e+02 1.509438315299975670e+02
7.735579900798987829e-01 1.738303252702251882e+02 1.509438315299975670e+02
7.893448878366314814e-01 1.714152239657452412e+02 1.509438315299966860e+02
8.051317855933640688e-01 1.690001226612652943e+02 1.509438315299975670e+02
8.209186833500967673e-01 1.665850213567853189e+02 1.509438315299975670e+02
8.367055811068293547e-01 1.641699200523053719e+02 1.509438315299966860e+02
8.524924788635619421e-01 1.617548187478254249e+02 1.509438315299975670e+02
8.682793766202946406e-01 1.593397174433454495e+02 1.509438315299975670e+02
8.840662743770272280e-01 1.569246161388655025e+02 1.509438315299966860e+02
8.998531721337598155e-01 1.545095148343855556e+02 1.509438315299975670e+02
9.156400698904925139e-01 1.520944135299055802e+02 1.509438315299975670e+02
9.314269676472251014e-01 1.496793122254256332e+02 1.509438315299966860e+02
9.472138654039576888e-01 1.472642109209456862e+02 1.509438315299975670e+02
9.630007631606903873e-01 1.448491096164657108e+02 1.509438315299975670e+02
9.787876609174229747e-01 1.424340083119857638e+02 1.509438315299966860e+02
9.945745586741556732e-01 1.400189070075058169e+02 1.509438315299975670e+02
1.010361456430888261e+00 1.376038057030258415e+02 1.509438315299975670e+02
1.026148354187620848e+00 1.351887043985458945e+02 1.509438315299966860e+02
1.041935251944353436e+00 1.327736030940659475e+02 1.509438315299975670e+02
1.057722149701086245e+00 1.303585017895859721e+02 1.509438315299975670e+02
1.073509047457818832e+00 1.279434004851060251e+02 1.509438315299971407e+02
1.089295945214551420e+00 1.255282991806260640e+02 1.509438315299971407e+02
1.105082842971284007e+00 1.231131978761461170e+02 1.509438315299971407e+02
1.120869740728016595e+00 1.206980965716661558e+02 1.509438315299971407e+02
1.136656638484749404e+00 1.182829952671862088e+02 1.509438315299971407e+02
1.152443536241481992e+00 1.158678939627062476e+02 1.509438315299971407e+02
1.168230433998214579e+00 1.134527926582263007e+02 1.509438315299971407e+02
1.184017331754947167e+00 1.110376913537463395e+02 1.509438315299975670e+02
1.199804229511679754e+00 1.086225900492663783e+02 1.509438315299971407e+02
1.215591127268412341e+00 1.062074887447864313e+02 1.509438315299966860e+02
1.231378025025145151e+00 1.037923874403064843e+02 1.509438315299971407e+02
1.247164922781877738e+00 1.013772861358265232e+02 1.509438315299971407e+02
1.262951820538610326e+00 9.896218483134657617e+01 1.509438315299971407e+02
1.278738718295342913e+00 9.654708352686661499e+01 1.509438315299975670e+02
1.294525616052075501e+00 9.413198222238665380e+01 1.509438315299975670e+02
1.310312513808808310e+00 9.171688091790669262e+01 1.509438315299971407e+02
1.326099411565540898e+00 8.930177961342674564e+01 1.509438315299971407e+02
1.341886309322273485e+00 8.688667830894678445e+01 1.509438315299975670e+02
1.357673207079006072e+00 8.447157700446682327e+01 1.509438315299975670e+02
1.373460104835738660e+00 8.205647569998686208e+01 1.509438315299966860e+02
1.389247002592471247e+00 7.964137439550692932e+01 1.509438315299966860e+02
1.405033900349204057e+00 7.722627309102696813e+01 1.509438315299971407e+02
1.420820798105936644e+00 7.481117178654702116e+01 1.509438315299971407e+02
1.436607695862669232e+00 7.239607048206705997e+01 1.509438315299971407e+02
1.452394593619401819e+00 6.998096917758711299e+01 1.469640259863891458e+02
1.468181491376134407e+00 6.769322165050260764e+01 1.458390072055410940e+02
1.483968389132867216e+00 6.531412094700979765e+01 1.498188127491490889e+02
1.499755286889599804e+00 6.289901964252983646e+01 1.462771894482799269e+02
1.515542184646332391e+00 6.063325088466483948e+01 1.465922327957136417e+02
1.531329082403064978e+00 5.820806819306699964e+01 1.444629269972652708e+02
1.547115980159797566e+00 5.601043722075235110e+01 1.305310335468963103e+02
1.562902877916530375e+00 5.403107511956631726e+01 1.213108481254210318e+02
1.578689775673262963e+00 5.212849008073887802e+01 1.090515183462954525e+02
1.594476673429995550e+00 5.054142653248486283e+01 9.644141890006685003e+01
1.610263571186728138e+00 4.904236467593673865e+01 9.615461541866476125e+01
1.626050468943460725e+00 4.746447883908759025e+01 8.292879338569969150e+01
1.641837366700193535e+00 4.638864328759434841e+01 7.103290794842953915e+01
1.657624264456926122e+00 4.519142578473784511e+01 7.775715197559840419e+01
1.673411162213658709e+00 4.390041442437519947e+01 8.114547219976842030e+01
1.689198059970391297e+00 4.259477067434525566e+01 8.506025066372524179e+01
1.704984957727123884e+00 4.117848640313599162e+01 7.934342992525222371e+01
1.720771855483856472e+00 4.005578091673718433e+01 6.587170410570308832e+01
1.736558753240589281e+00 3.907059187175349280e+01 7.027661891510916803e+01
1.752345650997321869e+00 3.780692911145369095e+01 7.664122893484970689e+01
1.768132548754054456e+00 3.661807254583830229e+01 7.403007771858560204e+01
1.783919446510787044e+00 3.543796662445895151e+01 7.363416624695307178e+01
1.799706344267519631e+00 3.426177922593580405e+01 7.074767448216579169e+01
1.815493242024252440e+00 3.317404104102964624e+01 7.585966298758361859e+01
1.831280139780985028e+00 3.183427001033312820e+01 8.263991344229815184e+01
1.847067037537717615e+00 3.052956381087610538e+01 7.796114624497963064e+01
1.862853935294450203e+00 2.933951333049378007e+01 7.404653603626276492e+01
1.878640833051182790e+00 2.816007465771569684e+01 7.335458856675947459e+01
1.894427730807915378e+00 2.699216649635747700e+01 7.423277500382252470e+01
1.910214628564648187e+00 2.578462585759337600e+01 7.616103748298885989e+01
1.926001526321380775e+00 2.455501329690183354e+01 7.447710781631178634e+01
1.941788424078113362e+00 2.340135840747139895e+01 7.440421683635534578e+01
1.957575321834845949e+00 2.217407835813846262e+01 7.639207698358963228e+01
1.973362219591578537e+00 2.095681194399653080e+01 7.547956581875558868e+01
1.989149117348311346e+00 1.975873225193828375e+01 7.199825115674940434e+01
2.004936015105043712e+00 1.865286790698054986e+01 6.743497491384498232e+01
2.020722912861776521e+00 1.760081305469524438e+01 6.510812110994667989e+01
2.036509810618509331e+00 1.656940803146225605e+01 6.244348553280926239e+01
2.052296708375241696e+00 1.560262151764534799e+01 5.893464467420089647e+01
2.068083606131974506e+00 1.468349940188782732e+01 5.600333756333220236e+01
2.083870503888706871e+00 1.381051471561871757e+01 5.442045716931498589e+01
2.099657401645439680e+00 1.294204477246974783e+01 5.436559855898281768e+01
2.115444299402172490e+00 1.207081556173126735e+01 5.343978375221952604e+01
2.131231197158904855e+00 1.123197169239872295e+01 5.083823121041730531e+01
2.147018094915637665e+00 1.044399216299791355e+01 4.821493157309780742e+01
2.162804992672370030e+00 9.689093882059593099e+00 4.592935574603645676e+01
2.178591890429102840e+00 8.974252779124746837e+00 4.349750137455027499e+01
2.194378788185835649e+00 8.297173838073984342e+00 3.946388019688112792e+01
2.210165685942568015e+00 7.711408612824550701e+00 3.454306485845059882e+01
2.225952583699300824e+00 7.191795762603565123e+00 3.022634631701118124e+01
2.241739481456033189e+00 6.744165530680192866e+00 2.581144373931615377e+01
2.257526379212765999e+00 6.365829562945448217e+00 2.210010213549384872e+01
2.273313276969498808e+00 6.036962262344389707e+00 1.751204548598081345e+01
2.289100174726231174e+00 5.805444107394062137e+00 1.223342617356745698e+01
2.304887072482963983e+00 5.645492624790231062e+00 8.682653863014644813e+00
2.320673970239696349e+00 5.527599183777593517e+00 5.671364102083270353e+00
2.336460867996429158e+00 5.464008973523566404e+00 2.467764869035632191e+00
2.352247765753161524e+00 5.448630707968453279e+00 -8.866995753046003070e-01
2.368034663509894333e+00 5.492383359933313614e+00 -4.623181586765029216e+00
2.383821561266627143e+00 5.596572518744934222e+00 -7.033531001269466287e+00
2.399608459023359508e+00 5.717456351973936535e+00 -8.425658041018024846e+00
2.415395356780092317e+00 5.866193576057511017e+00 -9.527527450311989554e+00
2.431182254536824683e+00 6.022337230383920215e+00 -1.004104187550602845e+01
2.446969152293557492e+00 6.187506916073703955e+00 -1.011118154641960132e+01
2.462756050050290302e+00 6.345895039869347443e+00 -8.598609246263572814e+00
2.478542947807022667e+00 6.462662411954138264e+00 -5.888099894059917183e+00
2.494329845563755477e+00 6.534314236479264792e+00 -4.023836412886422131e+00
2.510116743320487842e+00 6.591425177166503779e+00 -3.032833237358312228e+00
2.525903641077220652e+00 6.631364900074730784e+00 -2.063290277572321418e+00
2.541690538833953461e+00 6.657450466048818072e+00 -6.874177304758699592e-01
2.557477436590685826e+00 6.653362267449958622e+00 -3.471280316913460950e-02
2.573264334347418636e+00 6.658561275750230379e+00 -2.969204196586749944e-01
2.589051232104151001e+00 6.662863720879036222e+00 -1.310813410494715558e+00
2.604838129860883811e+00 6.700507304886061277e+00 -5.879162585634700733e-01
2.620625027617616620e+00 6.681677041153067265e+00 2.200965456636422068e+00
2.636411925374348986e+00 6.630076410273695764e+00 4.102843393022081564e+00
2.652198823131081795e+00 6.550386052576360640e+00 5.332943077826501899e+00
2.667985720887814161e+00 6.459422231783247703e+00 8.068816005172147143e+00
2.683772618644546970e+00 6.292183940410851939e+00 1.158955562029934150e+01
2.699559516401279780e+00 6.088556451933668789e+00 1.582618498222043613e+01
2.715346414158012145e+00 5.785746020979797954e+00 1.868009848264254202e+01
2.731133311914744954e+00 5.490793300489107409e+00 1.931022566413137653e+01
2.746920209671477320e+00 5.167818799727593948e+00 2.073999914850324444e+01
2.762707107428210129e+00 4.827113327737003523e+00 2.214216610545896557e+01
2.778494005184942495e+00 4.459269484352907043e+00 2.225768687633844323e+01
2.794280902941675304e+00 4.114867347694173283e+00 2.117356815932941316e+01
2.810067800698408114e+00 3.781715303254365779e+00 1.861471968714105429e+01
2.825854698455140479e+00 3.519196317705659549e+00 1.625799331153712757e+01
2.841641596211873289e+00 3.261459517285177689e+00 1.588919609549940759e+01
2.857428493968605654e+00 3.010742042649678485e+00 1.416913495064328643e+01
2.873215391725338463e+00 2.808047198864592531e+00 1.133694253863128054e+01
2.889002289482071273e+00 2.647959881413477490e+00 9.046507672367351205e+00
2.904789187238803638e+00 2.518558953348837282e+00 6.643423933240077517e+00
2.920576084995536448e+00 2.435370315549794995e+00 5.251899167302162219e+00
2.936362982752268813e+00 2.350498179995168080e+00 3.787425053604714709e+00
2.952149880509001623e+00 2.314172713834444117e+00 -4.894052408185856073e-01
2.967936778265734432e+00 2.366159147701362819e+00 -3.341062738793018738e+00
2.983723676022466798e+00 2.421086721475820713e+00 -3.842412301086131521e+00
2.999510573779199607e+00 2.489116341336119032e+00 -5.414223861181635122e+00
3.015297471535931972e+00 2.594341885033633055e+00 -4.666059400276465041e+00
3.031084369292664782e+00 2.638430242144965909e+00 -2.944322280164765715e+00
3.046871267049397591e+00 2.688560197998905554e+00 -9.913531863012386980e-01
3.062658164806129957e+00 2.670153544106605548e+00 2.771628346594404046e+00
3.078445062562862766e+00 2.599868090907884621e+00 3.510296774048057955e+00
3.094231960319595132e+00 2.557824047337067697e+00 1.853381187080865855e+00
3.110018858076327941e+00 2.540559892921296914e+00 2.331771542565044708e+00
3.125805755833060751e+00 2.483207357974986262e+00 1.913236419872621497e+00
3.141592653589793116e+00 2.479336327485373026e+00 2.419394056008272731e-01
