0.000000000000000000e+00 4.251247654789395938e+02 3.483454123592366614e+01
1.578689775673262907e-02 4.245674128191648151e+02 6.966908247184377956e+01
3.157379551346525814e-02 4.228953548398405928e+02 1.393381649436840064e+02
4.736069327019788722e-02 4.201085915409669269e+02 2.090072474155242332e+02
6.314759102693051629e-02 4.162071229225438174e+02 2.438417886514425561e+02
7.893448878366314536e-02 4.123056543041207647e+02 2.438417886514407940e+02
9.472138654039577443e-02 4.084041856856977120e+02 2.438417886514425561e+02
1.105082842971284035e-01 4.045027170672746024e+02 2.438417886514443467e+02
1.262951820538610326e-01 4.006012484488514929e+02 2.438417886514443467e+02
1.420820798105936755e-01 3.966997798304283833e+02 2.438417886514461088e+02
1.578689775673262907e-01 3.927983112120052169e+02 2.438417886514461088e+02
1.736558753240589059e-01 3.888968425935821074e+02 2.438417886514443467e+02
1.894427730807915489e-01 3.849953739751589978e+02 2.438417886514425561e+02
2.052296708375241918e-01 3.810939053567359451e+02 2.438417886514425561e+02
2.210165685942568070e-01 3.771924367383128356e+02 2.438417886514443467e+02
2.368034663509894222e-01 3.732909681198897260e+02 2.438417886514443467e+02
2.525903641077220652e-01 3.693894995014666165e+02 2.438417886514461088e+02
2.683772618644547081e-01 3.654880308830434501e+02 2.438417886514461088e+02
2.841641596211873511e-01 3.615865622646203406e+02 2.438417886514425561e+02
2.999510573779199385e-01 3.576850936461972879e+02 2.438417886514407940e+02
3.157379551346525814e-01 3.537836250277742351e+02 2.438417886514425561e+02
3.315248528913852244e-01 3.498821564093511256e+02 2.438417886514443467e+02
3.473117506481178118e-01 3.459806877909280161e+02 2.438417886514443467e+02
3.630986484048504548e-01 3.420792191725049065e+02 2.438417886514425561e+02
3.788855461615830977e-01 3.381777505540818538e+02 2.438417886514461088e+02
3.946724439183157407e-01 3.342762819356586306e+02 2.438417886514461088e+02
4.104593416750483836e-01 3.303748133172355779e+02 2.438417886514425561e+02
4.262462394317809711e-01 3.264733446988124683e+02 2.438417886514443467e+02
4.420331371885136140e-01 3.225718760803893588e+02 2.438417886514443467e+02
4.578200349452462570e-01 3.186704074619662492e+02 2.438417886514443467e+02
4.736069327019788444e-01 3.147689388435431397e+02 2.438417886514425561e+02
4.893938304587114874e-01 3.108674702251200870e+02 2.438417886514425561e+02
5.051807282154441303e-01 3.069660016066969774e+02 2.438417886514461088e+02
5.209676259721767178e-01 3.030645329882738110e+02 2.438417886514461088e+02
5.367545237289094162e-01 2.991630643698507015e+02 2.438417886514425561e+02
5.525414214856420037e-01 2.952615957514276488e+02 2.438417886514425561e+02
5.683283192423747021e-01 2.913601271330045392e+02 2.438417886514443467e+02
5.841152169991072896e-01 2.874586585145814297e+02 2.438417886514443467e+02
5.999021147558398770e-01 2.835571898961583202e+02 2.438417886514443467e+02
6.156890125125725755e-01 2.796557212777352106e+02 2.438417886514443467e+02
6.314759102693051629e-01 2.757542526593121011e+02 2.438417886514443467e+02
6.472628080260377503e-01 2.718527840408889915e+02 2.438417886514443467e+02
6.630497057827704488e-01 2.679513154224658820e+02 2.438417886514443467e+02
6.788366035395030362e-01 2.640498468040427724e+02 2.438417886514443467e+02
6.946235012962356237e-01 2.601483781856196629e+02 2.438417886514443467e+02
7.104103990529683221e-01 2.562469095671965533e+02 2.438417886514434656e+02
7.261972968097009096e-01 2.523454409487734722e+02 2.438417886514434656e+02
7.419841945664336080e-01 2.484439723303503627e+02 2.438417886514434656e+02
7.577710923231661955e-01 2.445425037119272815e+02 2.438417886514434656e+02
7.735579900798987829e-01 2.406410350935041720e+02 2.438417886514443467e+02
7.893448878366314814e-01 2.367395664750810624e+02 2.438417886514443467e+02
8.051317855933640688e-01 2.328380978566579529e+02 2.438417886514443467e+02
8.209186833500967673e-01 2.289366292382348433e+02 2.438417886514443467e+02
8.367055811068293547e-01 2.250351606198117338e+02 2.438417886514443467e+02
8.524924788635619421e-01 2.211336920013886242e+02 2.438417886514443467e+02
8.682793766202946406e-01 2.172322233829655147e+02 2.438417886514434656e+02
8.840662743770272280e-01 2.133307547645424336e+02 2.438417886514443467e+02
8.998531721337598155e-01 2.094292861461192956e+02 2.438417886514452277e+02
9.156400698904925139e-01 2.055278175276961861e+02 2.438417886514443467e+02
9.314269676472251014e-01 2.016263489092730765e+02 2.438417886514443467e+02
9.472138654039576888e-01 1.977248802908499670e+02 2.438417886514434656e+02
9.630007631606903873e-01 1.938234116724268858e+02 2.438417886514434656e+02
9.787876609174229747e-01 1.899219430540037763e+02 2.438417886514434656e+02
9.945745586741556732e-01 1.860204744355806952e+02 2.438417886514434656e+02
1.010361456430888261e+00 1.821190058171575856e+02 2.438417886514452277e+02
1.026148354187620848e+00 1.782175371987344477e+02 2.438417886514443467e+02
1.041935251944353436e+00 1.743160685803113665e+02 2.438417886514434656e+02
1.057722149701086245e+00 1.704145999618882570e+02 2.438417886514443467e+02
1.073509047457818832e+00 1.665131313434651474e+02 2.438417886514443467e+02
1.089295945214551420e+00 1.626116627250420379e+02 2.438417886514443467e+02
1.105082842971284007e+00 1.587101941066189283e+02 2.438417886514443467e+02
1.120869740728016595e+00 1.548087254881958188e+02 2.438417886514443467e+02
1.136656638484749404e+00 1.509072568697727093e+02 2.438417886514434656e+02
1.152443536241481992e+00 1.470057882513496281e+02 2.438417886514434656e+02
1.168230433998214579e+00 1.431043196329265186e+02 2.438417886514452277e+02
1.184017331754947167e+00 1.392028510145033806e+02 2.438417886514443467e+02
1.199804229511679754e+00 1.353013823960802995e+02 2.438417886514434656e+02
1.215591127268412341e+00 1.313999137776571899e+02 2.438417886514443467e+02
1.231378025025145151e+00 1.274984451592340804e+02 2.438417886514438919e+02
1.247164922781877738e+00 1.235969765408109851e+02 2.438417886514438919e+02
1.262951820538610326e+00 1.196955079223878755e+02 2.438417886514443467e+02
1.278738718295342913e+00 1.157940393039647660e+02 2.438417886514443467e+02
1.294525616052075501e+00 1.118925706855416564e+02 2.438417886514443467e+02
1.310312513808808310e+00 1.079911020671185469e+02 2.438417886514438919e+02
1.326099411565540898e+00 1.040896334486954515e+02 2.438417886514438919e+02
1.341886309322273485e+00 1.001881648302723420e+02 2.438417886514443467e+02
1.357673207079006072e+00 9.628669621184923244e+01 2.438417886514438919e+02
1.373460104835738660e+00 9.238522759342613710e+01 2.344554205813613805e+02
1.389247002592471247e+00 8.878412275324566849e+01 2.342948399323905164e+02
1.405033900349204057e+00 8.488779271558964012e+01 2.436812080024726015e+02
1.420820798105936644e+00 8.098632409716654479e+01 2.333419121940658556e+02
1.436607695862669232e+00 7.742085152537953263e+01 2.147477635789041130e+02
1.452394593619401819e+00 7.411439566264161272e+01 1.831875712459130057e+02
1.468181491376134407e+00 7.155884924551031645e+01 1.711083816705953780e+02
1.483968389132867216e+00 6.863892744918256028e+01 1.868166076342148187e+02
1.499755286889599804e+00 6.558071780121544236e+01 1.758658087612074894e+02
1.515542184646332391e+00 6.301122156882392034e+01 1.484141026690504077e+02
1.531329082403064978e+00 6.083146651580582898e+01 1.461140636812687887e+02
1.547115980159797566e+00 5.833557153102331938e+01 1.456703692395620067e+02
1.562902877916530375e+00 5.617001470013984488e+01 1.691019957727934866e+02
1.578689775673262963e+00 5.292430766629392735e+01 1.673660231604623334e+02
1.594476673429995550e+00 5.081430195900504998e+01 1.208983374051828577e+02
1.610263571186728138e+00 4.905556086932807602e+01 9.988483890661936471e+01
1.626050468943460725e+00 4.761798711399323025e+01 8.393011603129573928e+01
1.641837366700193535e+00 4.636979715632661225e+01 5.943964738722407048e+01
1.657624264456926122e+00 4.571591839760206000e+01 4.611986058984562931e+01
1.673411162213658709e+00 4.489396161745155212e+01 3.117980665698905085e+01
1.689198059970391297e+00 4.471816458457841037e+01 2.691627445651678485e+01
1.704984957727123884e+00 4.403264083484301494e+01 4.900393346896492375e+01
1.720771855483856472e+00 4.315003871357153287e+01 6.147375085941941819e+01
1.736558753240589281e+00 4.206548080734159356e+01 7.755758597957984080e+01
1.752345650997321869e+00 4.066819596222497779e+01 9.953635083225353242e+01
1.768132548754054456e+00 3.888031758070948030e+01 1.143535734484419919e+02
1.783919446510787044e+00 3.700888161187483405e+01 1.141278939782366422e+02
1.799706344267519631e+00 3.522822497340590786e+01 1.035612037683015814e+02
1.815493242024252440e+00 3.369492309128918350e+01 9.205043790521961000e+01
1.831280139780985028e+00 3.228261096043888045e+01 8.474251671095433380e+01
1.847067037537717615e+00 3.098316255653864459e+01 7.594329675621736442e+01
1.862853935294450203e+00 2.985242546423992493e+01 6.504410315740160797e+01
1.878640833051182790e+00 2.890175125550179303e+01 5.754243382814616581e+01
1.894427730807915378e+00 2.801106758173924760e+01 5.615868639847442978e+01
1.910214628564648187e+00 2.710467329075061116e+01 6.173543001842085687e+01
1.926001526321380775e+00 2.603553382114978021e+01 6.951236749297484607e+01
1.941788424078113362e+00 2.488027753097541606e+01 7.476484272605232206e+01
1.957575321834845949e+00 2.364305885391610573e+01 7.826574409122099496e+01
1.973362219591578537e+00 2.237577372005634402e+01 8.057625752402131525e+01
1.989149117348311346e+00 2.106461861314742379e+01 8.154732038236134883e+01
2.004936015105043712e+00 1.976625946782078103e+01 8.114301166917358898e+01
2.020722912861776521e+00 1.846804223973386883e+01 7.969458069400236866e+01
2.036509810618509331e+00 1.721603288561270517e+01 7.589386065123603942e+01
2.052296708375241696e+00 1.603943869889431539e+01 7.066849822420229543e+01
2.068083606131974506e+00 1.495464094243823183e+01 6.707243082471670448e+01
2.083870503888706871e+00 1.389312091250338099e+01 6.362809326977025393e+01
2.099657401645439680e+00 1.291854195780558356e+01 5.999044864056379822e+01
2.115444299402172490e+00 1.197342655600533945e+01 5.662917300153552702e+01
2.131231197158904855e+00 1.110640842175644671e+01 5.151672543453628350e+01
2.147018094915637665e+00 1.032489134210017845e+01 4.783875644640028924e+01
2.162804992672370030e+00 9.575568215471637501e+00 4.513902235962108023e+01
2.178591890429102840e+00 8.880442626592303768e+00 4.137788596887725845e+01
2.194378788185835649e+00 8.251475864467565202e+00 3.740305079321596082e+01
2.210165685942568015e+00 7.683545001209393099e+00 3.326297938753572225e+01
2.225952583699300824e+00 7.187060524066422040e+00 2.981416839113967754e+01
2.241739481456033189e+00 6.729491612692923397e+00 2.733740736716081088e+01
2.257526379212765999e+00 6.312263488317276128e+00 2.293706728130143091e+01
2.273313276969498808e+00 5.995505459691277572e+00 1.868147766890263028e+01
2.289100174726231174e+00 5.714456202912391980e+00 1.541070746838171779e+01
2.304887072482963983e+00 5.502362820703062596e+00 1.172278810609680910e+01
2.320673970239696349e+00 5.339326983517294067e+00 8.155798864653924340e+00
2.336460867996429158e+00 5.241377257034137038e+00 3.804320248049275488e+00
2.352247765753161524e+00 5.217588735579717252e+00 -1.338627194461261549e+00
2.368034663509894333e+00 5.284213327256897408e+00 -4.382659642044150594e+00
2.383821561266627143e+00 5.357833844125130085e+00 -6.963760512969041194e+00
2.399608459023359508e+00 5.507053663671906740e+00 -1.075287672795202631e+01
2.415395356780092317e+00 5.701925899419594934e+00 -1.336549807096956677e+01
2.431182254536824683e+00 5.934749601942932884e+00 -1.425286283826618394e+01
2.446969152293557492e+00 6.158017510244112813e+00 -1.408282082957218506e+01
2.462756050050290302e+00 6.385399868489242792e+00 -1.277141265578560159e+01
2.478542947807022667e+00 6.566702715229252085e+00 -1.225034039763947469e+01
2.494329845563755477e+00 6.777410761213706003e+00 -1.291225035385376607e+01
2.510116743320487842e+00 6.979894726552572592e+00 -1.053565790963870086e+01
2.525903641077220652e+00 7.114551814322144452e+00 -7.380292427630552154e+00
2.541690538833953461e+00 7.216064084236750276e+00 -6.498058413239387932e+00
2.557477436590685826e+00 7.322489683545804873e+00 -5.172717127703562845e+00
2.573264334347418636e+00 7.381591032323264301e+00 -3.083724357252098702e+00
2.589051232104151001e+00 7.421168862977872038e+00 3.827242518531781545e-01
2.604838129860883811e+00 7.369343856263962600e+00 5.682679765462300914e+00
2.620625027617616620e+00 7.239323110483078416e+00 8.748357838540361087e+00
2.636411925374348986e+00 7.089396405430671066e+00 1.073900495925000875e+01
2.652198823131081795e+00 6.895674951787078122e+00 1.398483900277086533e+01
2.667985720887814161e+00 6.641881557342003362e+00 1.676981624662324322e+01
2.683772618644546970e+00 6.359040831895134360e+00 1.931044186580391298e+01
2.699559516401279780e+00 6.023947417636278168e+00 2.007368400685549759e+01
2.715346414158012145e+00 5.716682943675758466e+00 1.949070438229852442e+01
2.731133311914744954e+00 5.400244877402725407e+00 1.911716242120714426e+01
2.746920209671477320e+00 5.104933746197129807e+00 1.860027700078248358e+01
2.762707107428210129e+00 4.805036013377685933e+00 1.889509640079595343e+01
2.778494005184942495e+00 4.500290661371659340e+00 1.917038517742311399e+01
2.794280902941675304e+00 4.191583687700146221e+00 1.775021548432068030e+01
2.810067800698408114e+00 3.932283765873397563e+00 1.671035625849270900e+01
2.825854698455140479e+00 3.656852287428379533e+00 1.642475012009594693e+01
2.841641596211873289e+00 3.406691762030327197e+00 1.576466151876704203e+01
2.857428493968605654e+00 3.152383118827834174e+00 1.524134111288263860e+01
2.873215391725338463e+00 2.918968846418082741e+00 1.289169768610008759e+01
2.889002289482071273e+00 2.739848792872631389e+00 9.583361622829272619e+00
2.904789187238803638e+00 2.612301274487546010e+00 7.787369488910608872e+00
2.920576084995536448e+00 2.490652969227491909e+00 6.353072472133569626e+00
2.936362982752268813e+00 2.409002955379271782e+00 3.981620061093884999e+00
2.952149880509001623e+00 2.363241127272487585e+00 2.160451145438960108e+00
2.967936778265734432e+00 2.339868518725225055e+00 1.574236360920022726e-01
2.983723676022466798e+00 2.358203570917543512e+00 -1.789923058768141839e+00
2.999510573779199607e+00 2.397146056605805597e+00 -2.794206490168135826e+00
3.015297471535931972e+00 2.447618178602923855e+00 -3.804040087909063672e+00
3.031084369292664782e+00 2.518875339418895631e+00 -6.802931898600871996e+00
3.046871267049397591e+00 2.665311999358151773e+00 -1.111909190839702077e+01
3.062658164806129957e+00 2.874686280487600332e+00 -1.258894599319756935e+01
3.078445062562862766e+00 3.068158271140474014e+00 -1.432011419060065549e+01
3.094231960319595132e+00 3.332929934586821297e+00 -1.858844090521340320e+01
3.110018858076327941e+00 3.662988380107302877e+00 -1.967537124739486387e+01
3.125805755833060751e+00 3.962541814503456994e+00 -2.067519201740454449e+01
3.141592653589793116e+00 4.324594524664248318e+00 -2.262829438504945756e+01
