1.000000000000000021e-03 1.561654730069833192e+02 2.237500954075883897e+01
4.100000000000000172e-02 1.552704726253529657e+02 4.357238700042600499e+01
8.100000000000000255e-02 1.526796820469492388e+02 8.243424567648212076e+01
1.209999999999999964e-01 1.486757329712343960e+02 1.118750477037966817e+02
1.610000000000000042e-01 1.437296782306455043e+02 1.307171610012783560e+02
2.010000000000000120e-01 1.382183600911321264e+02 1.413158497311119390e+02
2.409999999999999920e-01 1.324244102521565480e+02 1.460263780554820130e+02
2.810000000000000275e-01 1.265362498466935648e+02 1.472040101365745670e+02
3.210000000000000075e-01 1.206480894412305815e+02 1.472040101365749365e+02
3.609999999999999876e-01 1.147599290357675699e+02 1.472040101365751070e+02
4.010000000000000231e-01 1.088717686303045724e+02 1.472040101365749365e+02
4.410000000000000031e-01 1.029836082248415750e+02 1.472040101365747660e+02
4.809999999999999831e-01 9.709544781937859170e+01 1.472040101365747660e+02
5.210000000000000187e-01 9.120728741391559424e+01 1.472040101365747660e+02
5.610000000000000542e-01 8.531912700845261099e+01 1.472040101365745670e+02
6.009999999999999787e-01 7.943096660298962775e+01 1.472040101365747660e+02
6.410000000000000142e-01 7.354280619752663029e+01 1.472040101365749365e+02
6.810000000000000497e-01 6.765464579206363283e+01 1.472680430002006062e+02
7.209999999999999742e-01 6.176136275751058236e+01 1.475205180081337346e+02
7.610000000000000098e-01 5.585300435141293462e+01 1.478974022967485666e+02
8.010000000000000453e-01 4.992957057377069674e+01 1.491257309395095376e+02
8.409999999999999698e-01 4.392294587625217162e+01 1.579132408991767136e+02
8.810000000000000053e-01 3.729651130183655994e+01 1.624452889242341769e+02
9.210000000000000409e-01 3.092732276231343747e+01 1.530065197343398040e+02
9.609999999999999654e-01 2.505598972308937533e+01 1.397335705588394887e+02
1.000999999999999890e+00 1.974863711760627893e+01 1.214626023826055530e+02
1.040999999999999925e+00 1.533898153248093088e+01 9.222496185123695511e+01
1.080999999999999961e+00 1.237064016950732181e+01 6.655385870692668959e+01
1.120999999999999996e+00 1.001467283592679536e+01 5.366935981362015440e+01
1.160999999999999810e+00 8.077091384417709463e+00 4.328965400813091691e+01
1.200999999999999845e+00 6.551500515276321934e+00 3.622749648584179027e+01
1.240999999999999881e+00 5.178891665550366064e+00 3.189969985820168930e+01
1.280999999999999917e+00 3.999524526620186649e+00 2.670688461076925435e+01
1.320999999999999952e+00 3.042340896688825680e+00 2.152647943537355602e+01
1.360999999999999988e+00 2.277406171790302025e+00 1.839236807252314065e+01
1.401000000000000023e+00 1.570951450886974410e+00 1.691551341390844598e+01
1.440999999999999837e+00 9.241650986776264176e-01 1.542623421551328455e+01
1.480999999999999872e+00 3.368527136459115723e-01 1.423425093248939710e+01
1.520999999999999908e+00 -2.145749759215254127e-01 1.306695069473068571e+01
1.560999999999999943e+00 -7.085033419325433846e-01 1.134787741243052928e+01
1.600999999999999979e+00 -1.122405168915967755e+00 9.085253229198837488e+00
1.641000000000000014e+00 -1.435323600268450406e+00 7.072255060988776876e+00
1.680999999999999828e+00 -1.688185573795069949e+00 5.968379994743311379e+00
1.720999999999999863e+00 -1.912793999847915316e+00 5.379861811899777635e+00
1.760999999999999899e+00 -2.118574518747052160e+00 4.230471897596848940e+00
1.800999999999999934e+00 -2.251231751655663249e+00 2.566096943935064267e+00
1.840999999999999970e+00 -2.323862274261857319e+00 1.139770157426228669e+00
1.881000000000000005e+00 -2.342413364249761543e+00 -1.969355272597006490e-01
1.920999999999999819e+00 -2.308107432081081267e+00 -1.117082060501201068e+00
1.960999999999999854e+00 -2.253046799409665457e+00 -1.718605188753136170e+00
2.000999999999999890e+00 -2.170619016980830374e+00 -2.192210534396449084e+00
2.040999999999999925e+00 -2.077669956657949513e+00 -2.574522190081476758e+00
2.080999999999999961e+00 -1.964657241774312224e+00 -2.838771027633743671e+00
2.120999999999999996e+00 -1.850568274447250028e+00 -2.871712520721494855e+00
2.161000000000000032e+00 -1.734920240116592627e+00 -2.798031746237952699e+00
2.201000000000000068e+00 -1.626725734748213803e+00 -2.711961586890104581e+00
2.241000000000000103e+00 -1.517963313165384243e+00 -2.664244530589190862e+00
2.281000000000000139e+00 -1.413586172301078525e+00 -2.446764673003148705e+00
2.320999999999999730e+00 -1.322222139325132328e+00 -2.315670230303734645e+00
2.360999999999999766e+00 -1.228332553876779754e+00 -2.358970178624084202e+00
2.400999999999999801e+00 -1.133504525035205601e+00 -2.325011315765559861e+00
2.440999999999999837e+00 -1.042331648615534956e+00 -2.268653392211181341e+00
2.480999999999999872e+00 -9.520122536583111028e-01 -2.411476497914534445e+00
2.520999999999999908e+00 -8.494135287823721958e-01 -2.544064198452340886e+00
2.560999999999999943e+00 -7.484871177821238453e-01 -2.485409790542131070e+00
2.600999999999999979e+00 -6.505807455390016925e-01 -2.396796602504594365e+00
2.641000000000000014e+00 -5.567433895817562872e-01 -2.098209960109108430e+00
2.681000000000000050e+00 -4.827239487302730225e-01 -1.525572971433081904e+00
2.721000000000000085e+00 -4.346975518671097327e-01 -1.058358358312572856e+00
2.761000000000000121e+00 -3.980552800652671919e-01 -8.240266409422838390e-01
2.801000000000000156e+00 -3.687754205917270212e-01 -6.051414952726027474e-01
2.840999999999999748e+00 -3.496439604434589676e-01 -4.872401759980222735e-01
2.880999999999999783e+00 -3.297962065118852371e-01 -6.162663505826636579e-01
2.920999999999999819e+00 -3.003426523968458772e-01 -7.808846067259469503e-01
2.960999999999999854e+00 -2.673254379738094766e-01 -8.348976190904380257e-01
3.000999999999999890e+00 -2.335508428696108363e-01 -8.152083220567221122e-01
3.040999999999999925e+00 -2.021087722092717032e-01 -7.065505760432417848e-01
3.080999999999999961e+00 -1.770267967861514913e-01 -4.804001837527171470e-01
3.120999999999999996e+00 -1.636767575090543325e-01 -2.533754553846075952e-01
3.161000000000000032e+00 -1.567567603553828848e-01 -9.899852101342525301e-02
3.201000000000000068e+00 -1.557568758279803123e-01 -2.867985288892982432e-03
3.241000000000000103e+00 -1.565273215322714462e-01 8.191931576988220609e-03
3.281000000000000139e+00 -1.564122303541393699e-01 -5.513083190497869435e-02
3.321000000000000174e+00 -1.521168549798731506e-01 -1.355056409363456504e-01
3.360999999999999766e+00 -1.455717790792317168e-01 -2.027406202733075813e-01
3.400999999999999801e+00 -1.358976053580085441e-01 -2.727360676052963395e-01
3.440999999999999837e+00 -1.237528936708080091e-01 -3.010315536955205373e-01
3.480999999999999872e+00 -1.118150810623669000e-01 -2.848906867877984972e-01
3.520999999999999908e+00 -1.009616387277841310e-01 -2.627103745054412687e-01
3.560999999999999943e+00 -9.079825110193159854e-02 -2.436215324043188302e-01
3.600999999999999979e+00 -8.147191613543862398e-02 -2.347926874692519983e-01
3.641000000000000014e+00 -7.201483610439143868e-02 -2.557786884357802215e-01
3.681000000000000050e+00 -6.100962106057620377e-02 -2.852575549302490132e-01
3.721000000000000085e+00 -4.919423170997151706e-02 -2.860142985133597437e-01
3.761000000000000121e+00 -3.812847717950742371e-02 -2.680125670059985699e-01
3.801000000000000156e+00 -2.775322634949163245e-02 -2.454005042132531011e-01
3.840999999999999748e+00 -1.849643684244717604e-02 -2.085647347599344226e-01
3.880999999999999783e+00 -1.106804756869687878e-02 -1.592733402723832958e-01
3.920999999999999819e+00 -5.754569620656511605e-03 -1.106122477329170434e-01
3.960999999999999854e+00 -2.219067750063514251e-03 -7.193212025820638900e-02
4.001000000000000334e+00 0.000000000000000000e+00 -5.547669375158785499e-02
