1.000000000000000021e-03 8.418430500079784906e+01 1.097498932184421960e+01
4.100000000000000172e-02 8.374530542792408028e+01 2.130439103652062016e+01
8.100000000000000255e-02 8.247995371787619945e+01 4.041378420867189902e+01
1.209999999999999964e-01 8.051220269123032836e+01 5.590788678068694395e+01
1.610000000000000042e-01 7.800732277542124393e+01 6.714111114539792879e+01
2.010000000000000120e-01 7.514091379959849348e+01 7.424257482423790577e+01
2.409999999999999920e-01 7.206791678948221147e+01 7.811610046724162260e+01
2.810000000000000275e-01 6.889162576221916368e+01 7.992374576731009483e+01
3.210000000000000075e-01 6.567401712809740388e+01 8.056933337447746624e+01
3.609999999999999876e-01 6.244607909226096609e+01 8.069845089591085241e+01
4.010000000000000231e-01 5.921814105642453541e+01 8.069845089591085241e+01
4.410000000000000031e-01 5.599020302058809762e+01 8.069845089591093767e+01
4.809999999999999831e-01 5.276226498475165982e+01 8.069845089591085241e+01
5.210000000000000187e-01 4.953432694891522914e+01 8.069845089591085241e+01
5.610000000000000542e-01 4.630638891307879135e+01 8.069845089591093767e+01
6.009999999999999787e-01 4.307845087724235356e+01 8.069845089591085241e+01
6.410000000000000142e-01 3.985051284140592287e+01 8.071227870623704348e+01
6.810000000000000497e-01 3.662146858074338951e+01 8.075376213721598617e+01
7.209999999999999742e-01 3.339021187042864369e+01 8.090471039080671289e+01
7.610000000000000098e-01 3.014909174947885262e+01 8.118484652370811716e+01
8.010000000000000453e-01 2.689542414853199404e+01 8.136905452315717469e+01
8.409999999999999698e-01 2.363956738762627907e+01 8.121736873981166127e+01
8.810000000000000053e-01 2.039803464934706057e+01 8.020679328468753511e+01
9.210000000000000409e-01 1.722302392485127598e+01 7.738262063560488002e+01
9.609999999999999654e-01 1.420742499849867002e+01 7.217450067704902494e+01
1.000999999999999890e+00 1.144906387068735398e+01 6.481121043382358948e+01
1.040999999999999925e+00 9.022528163792783218e+00 5.567608104284222037e+01
1.080999999999999961e+00 6.994977387259976531e+00 4.567265834705830230e+01
1.120999999999999996e+00 5.368715496028118928e+00 3.635301268249343565e+01
1.160999999999999810e+00 4.086736372660501715e+00 2.868800429814833208e+01
1.200999999999999845e+00 3.073675152176252201e+00 2.276811947376667788e+01
1.240999999999999881e+00 2.265286814759167378e+00 1.845719999214774276e+01
1.280999999999999917e+00 1.597099152804432709e+00 1.547435969103943876e+01
1.320999999999999952e+00 1.027338039476012321e+00 1.321508250126170481e+01
1.360999999999999988e+00 5.398925527034963423e-01 1.128151252887487921e+01
1.401000000000000023e+00 1.248170371660219796e-01 9.640672669655863558e+00
1.440999999999999837e+00 -2.313612608689728234e-01 8.288629168380177603e+00
1.480999999999999872e+00 -5.382732963043922458e-01 7.086234244340483102e+00
1.520999999999999908e+00 -7.982600004162114793e-01 5.949696910937439576e+00
1.560999999999999943e+00 -1.014249049179387407e+00 4.858299338894897623e+00
1.600999999999999979e+00 -1.186923947527803280e+00 3.760991250731065882e+00
1.641000000000000014e+00 -1.315128349237872696e+00 2.652303807773850775e+00
1.680999999999999828e+00 -1.399108252149711351e+00 1.560250240357430318e+00
1.720999999999999863e+00 -1.439948368466467121e+00 5.471033038582484576e-01
1.760999999999999899e+00 -1.442876516458371228e+00 -2.683714069392023616e-01
1.800999999999999934e+00 -1.418478655911330932e+00 -8.830542716152911531e-01
1.840999999999999970e+00 -1.372232174729147935e+00 -1.354935113056848772e+00
1.881000000000000005e+00 -1.310083846866783031e+00 -1.636255225106505895e+00
1.920999999999999819e+00 -1.241331756720627455e+00 -1.723010778810379895e+00
1.960999999999999854e+00 -1.172242984561952639e+00 -1.764382003744122018e+00
2.000999999999999890e+00 -1.100181196421097685e+00 -1.735348720785873100e+00
2.040999999999999925e+00 -1.033415086899082791e+00 -1.515149046110388031e+00
2.080999999999999961e+00 -9.789692727322666377e-01 -1.218992090485265800e+00
2.120999999999999996e+00 -9.358957196602615269e-01 -9.778836601781983884e-01
2.161000000000000032e+00 -9.007385799180107622e-01 -7.583052575908757476e-01
2.201000000000000068e+00 -8.752312990529914627e-01 -6.036849082879005568e-01
2.241000000000000103e+00 -8.524437872549787132e-01 -6.299941445745055324e-01
2.281000000000000139e+00 -8.248317674870310201e-01 -7.464177287231615887e-01
2.320999999999999730e+00 -7.927303689571257861e-01 -8.515327508403974788e-01
2.360999999999999766e+00 -7.567091474197992218e-01 -9.498439616474535496e-01
2.400999999999999801e+00 -7.167428520253295021e-01 -1.019806198305789335e+00
2.440999999999999837e+00 -6.751246515553360750e-01 -1.023366689964515297e+00
2.480999999999999872e+00 -6.348735168281682828e-01 -1.000865132383861544e+00
2.520999999999999908e+00 -5.950554409646271470e-01 -9.832445233270398210e-01
2.560999999999999943e+00 -5.562139549620050971e-01 -9.760893139505649740e-01
2.600999999999999979e+00 -5.169682958485819491e-01 -1.017811486111562580e+00
2.641000000000000014e+00 -4.747890360730800952e-01 -1.081647587872627048e+00
2.681000000000000050e+00 -4.304364888187717786e-01 -1.112585958677671849e+00
2.721000000000000085e+00 -3.857821593788663406e-01 -1.104651283625380342e+00
2.761000000000000121e+00 -3.420643861287413490e-01 -1.048991276864864819e+00
2.801000000000000156e+00 -3.018628572296771506e-01 -8.964962001864661412e-01
2.840999999999999748e+00 -2.703446901138240599e-01 -6.662338969064093286e-01
2.880999999999999783e+00 -2.485641454771644054e-01 -4.332334529130791312e-01
2.920999999999999819e+00 -2.356860138807777283e-01 -2.212311412514628151e-01
2.960999999999999854e+00 -2.308656541770473802e-01 -3.058844520493451957e-02
3.000999999999999890e+00 -2.332389382643829667e-01 1.030007560150553864e-01
3.040999999999999925e+00 -2.391057146582518111e-01 1.570089558059581392e-01
3.080999999999999961e+00 -2.457996547288596179e-01 1.726711263899657900e-01
3.120999999999999996e+00 -2.529194047694490743e-01 1.776608865117976221e-01
3.161000000000000032e+00 -2.600125256498034276e-01 1.475090657506096525e-01
3.201000000000000068e+00 -2.647201300294978465e-01 7.923185560404152894e-02
3.241000000000000103e+00 -2.663510740981267499e-01 8.681968346455765095e-03
3.281000000000000139e+00 -2.654146874972143078e-01 -6.320100512610254961e-02
3.321000000000000174e+00 -2.612949936880385460e-01 -1.507432122559576593e-01
3.360999999999999766e+00 -2.533552305167376950e-01 -2.288953211015312683e-01
3.400999999999999801e+00 -2.429833679999160445e-01 -2.784944934737018096e-01
3.440999999999999837e+00 -2.310756710388415514e-01 -3.228564614312670056e-01
3.480999999999999872e+00 -2.171548510854146852e-01 -3.768735827162181251e-01
3.520999999999999908e+00 -2.009257844215441013e-01 -4.262774640386022273e-01
3.560999999999999943e+00 -1.830526539623265059e-01 -4.659395852748819400e-01
3.600999999999999979e+00 -1.636506175995535439e-01 -5.015222815985213023e-01
3.641000000000000014e+00 -1.429308714344448006e-01 -5.248745078673231479e-01
3.681000000000000050e+00 -1.216606569701676882e-01 -5.266525885528484663e-01
3.721000000000000085e+00 -1.007986643502169211e-01 -5.130095402991049491e-01
3.761000000000000121e+00 -8.061989374623929061e-02 -4.891048759663765844e-01
3.801000000000000156e+00 -6.167027427290679154e-02 -4.504140596877492242e-01
3.840999999999999748e+00 -4.458676897121935379e-02 -3.974213010978980276e-01
3.880999999999999783e+00 -2.987657018507495002e-02 -3.346087679592940067e-01
3.920999999999999819e+00 -1.781806753447583158e-02 -2.708377228691791205e-01
3.960999999999999854e+00 -8.209552355540619684e-03 -2.227258441809479017e-01
4.001000000000000334e+00 4.336808689942017736e-19 -2.052388088885154782e-01
