0.000000000000000000e+00 1.678492832495690891e+03 1.296145683748252395e+02
1.578689775673262907e-02 1.676446620556974494e+03 2.592291367496432599e+02
3.157379551346525814e-02 1.670307984740825532e+03 5.184582734992865198e+02
4.736069327019788722e-02 1.660076925047243776e+03 7.776874102489226743e+02
6.314759102693051629e-02 1.645753441476229682e+03 1.036916546998565991e+03
7.893448878366314536e-02 1.627337534027782567e+03 1.166531115373391231e+03
9.472138654039577443e-02 1.608921626579335680e+03 1.166531115373391231e+03
1.105082842971284035e-01 1.590505719130888565e+03 1.166531115373391231e+03
1.262951820538610326e-01 1.572089811682441677e+03 1.166531115373391231e+03
1.420820798105936755e-01 1.553673904233994563e+03 1.166531115373398507e+03
1.578689775673262907e-01 1.535257996785547448e+03 1.166531115373376679e+03
1.736558753240589059e-01 1.516842089337101015e+03 1.166531115373383955e+03
1.894427730807915489e-01 1.498426181888653673e+03 1.166531115373398507e+03
2.052296708375241918e-01 1.480010274440206786e+03 1.166531115373383955e+03
2.210165685942568070e-01 1.461594366991759898e+03 1.166531115373391231e+03
2.368034663509894222e-01 1.443178459543312783e+03 1.166531115373391231e+03
2.525903641077220652e-01 1.424762552094865896e+03 1.166531115373383955e+03
2.683772618644547081e-01 1.406346644646419008e+03 1.166531115373391231e+03
2.841641596211873511e-01 1.387930737197971894e+03 1.166531115373398507e+03
2.999510573779199385e-01 1.369514829749524779e+03 1.166531115373376679e+03
3.157379551346525814e-01 1.351098922301078346e+03 1.166531115373376679e+03
3.315248528913852244e-01 1.332683014852631231e+03 1.166531115373398507e+03
3.473117506481178118e-01 1.314267107404184117e+03 1.166531115373391231e+03
3.630986484048504548e-01 1.295851199955737229e+03 1.166531115373383955e+03
3.788855461615830977e-01 1.277435292507290342e+03 1.166531115373398507e+03
3.946724439183157407e-01 1.259019385058843000e+03 1.166531115373398507e+03
4.104593416750483836e-01 1.240603477610396112e+03 1.166531115373376679e+03
4.262462394317809711e-01 1.222187570161949452e+03 1.166531115373383955e+03
4.420331371885136140e-01 1.203771662713502337e+03 1.166531115373398507e+03
4.578200349452462570e-01 1.185355755265055222e+03 1.166531115373391231e+03
4.736069327019788444e-01 1.166939847816608335e+03 1.166531115373383955e+03
4.893938304587114874e-01 1.148523940368161448e+03 1.166531115373391231e+03
5.051807282154441303e-01 1.130108032919714333e+03 1.166531115373383955e+03
5.209676259721767178e-01 1.111692125471267673e+03 1.166531115373383955e+03
5.367545237289094162e-01 1.093276218022820558e+03 1.166531115373391231e+03
5.525414214856420037e-01 1.074860310574373671e+03 1.166531115373383955e+03
5.683283192423747021e-01 1.056444403125926783e+03 1.166531115373391231e+03
5.841152169991072896e-01 1.038028495677479668e+03 1.166531115373391231e+03
5.999021147558398770e-01 1.019612588229032781e+03 1.166531115373383955e+03
6.156890125125725755e-01 1.001196680780585893e+03 1.166531115373383955e+03
6.314759102693051629e-01 9.827807733321390060e+02 1.166531115373391231e+03
6.472628080260377503e-01 9.643648658836918912e+02 1.166531115373387593e+03
6.630497057827704488e-01 9.459489584352451175e+02 1.166531115373383955e+03
6.788366035395030362e-01 9.275330509867981164e+02 1.166531115373391231e+03
6.946235012962356237e-01 9.091171435383511152e+02 1.166531115373391231e+03
7.104103990529683221e-01 8.907012360899041141e+02 1.166531115373391231e+03
7.261972968097009096e-01 8.722853286414571130e+02 1.166531115373391231e+03
7.419841945664336080e-01 8.538694211930101119e+02 1.166531115373387593e+03
7.577710923231661955e-01 8.354535137445632245e+02 1.166531115373387593e+03
7.735579900798987829e-01 8.170376062961162233e+02 1.166531115373391231e+03
7.893448878366314814e-01 7.986216988476692222e+02 1.166531115373387593e+03
8.051317855933640688e-01 7.802057913992223348e+02 1.166531115373391231e+03
8.209186833500967673e-01 7.617898839507752200e+02 1.166531115373387593e+03
8.367055811068293547e-01 7.433739765023284463e+02 1.166531115373387593e+03
8.524924788635619421e-01 7.249580690538813315e+02 1.166531115373391231e+03
8.682793766202946406e-01 7.065421616054344440e+02 1.166531115373387593e+03
8.840662743770272280e-01 6.881262541569874429e+02 1.166531115373391231e+03
8.998531721337598155e-01 6.697103467085404418e+02 1.166531115373391231e+03
9.156400698904925139e-01 6.512944392600934407e+02 1.166531115373387593e+03
9.314269676472251014e-01 6.328785318116465533e+02 1.166531115373387593e+03
9.472138654039576888e-01 6.144626243631995521e+02 1.166531115373387593e+03
9.630007631606903873e-01 5.960467169147526647e+02 1.166531115373391231e+03
9.787876609174229747e-01 5.776308094663055499e+02 1.166531115373391231e+03
9.945745586741556732e-01 5.592149020178586625e+02 1.166531115373383955e+03
1.010361456430888261e+00 5.407989945694117750e+02 1.166531115373387593e+03
1.026148354187620848e+00 5.223830871209647739e+02 1.166531115373391231e+03
1.041935251944353436e+00 5.039671796725177728e+02 1.166531115373389412e+03
1.057722149701086245e+00 4.855512722240708285e+02 1.166531115373387593e+03
1.073509047457818832e+00 4.671353647756238843e+02 1.166531115373391231e+03
1.089295945214551420e+00 4.487194573271768263e+02 1.166531115373389412e+03
1.105082842971284007e+00 4.303035498787299389e+02 1.166531115373389412e+03
1.120869740728016595e+00 4.118876424302828809e+02 1.166531115373387593e+03
1.136656638484749404e+00 3.934717349818360503e+02 1.166531115373385774e+03
1.152443536241481992e+00 3.750558275333890492e+02 1.166531115373389412e+03
1.168230433998214579e+00 3.566399200849421049e+02 1.166531115373389412e+03
1.184017331754947167e+00 3.382240126364951038e+02 1.166531115373391231e+03
1.199804229511679754e+00 3.198081051880481027e+02 1.166531115373387593e+03
1.215591127268412341e+00 3.013921977396012153e+02 1.166531115373385774e+03
1.231378025025145151e+00 2.829762902911542710e+02 1.166531115373387593e+03
1.247164922781877738e+00 2.645603828427073267e+02 1.166531115373390321e+03
1.262951820538610326e+00 2.461444753942602972e+02 1.166531115373391231e+03
1.278738718295342913e+00 2.277285679458133245e+02 1.166531115373389412e+03
1.294525616052075501e+00 2.093126604973663518e+02 1.166531115373389412e+03
1.310312513808808310e+00 1.908967530489193791e+02 1.166531115373388502e+03
1.326099411565540898e+00 1.724808456004724349e+02 1.166531115373386683e+03
1.341886309322273485e+00 1.540649381520255190e+02 1.166531115373388502e+03
1.357673207079006072e+00 1.356490307035785179e+02 1.131473926791854183e+03
1.373460104835738660e+00 1.183400117586819533e+02 8.722447900422109797e+02
1.389247002592471247e+00 1.081089520651003113e+02 6.180181833356335801e+02
1.405033900349204057e+00 9.882683201443937548e+01 5.579964628822805253e+02
1.420820798105936644e+00 9.049088584881828012e+01 4.764221087861527621e+02
1.436607695862669232e+00 8.378437777353148874e+01 4.151394631924157466e+02
1.452394593619401819e+00 7.738335732841120773e+01 3.773356836952331719e+02
1.468181491376134407e+00 7.187045805660459052e+01 2.913535272645235068e+02
1.483968389132867216e+00 6.818422063643431841e+01 1.535584772113280110e+02
1.499755286889599804e+00 6.702203409777500553e+01 5.285526851331361087e+01
1.515542184646332391e+00 6.651537919658565556e+01 1.830459637575676766e+02
1.531329082403064978e+00 6.124257826852839059e+01 3.007788767529550569e+02
1.547115980159797566e+00 5.701864844721808367e+01 2.235097955457388537e+02
1.562902877916530375e+00 5.418552568871080410e+01 1.789295791021874322e+02
1.578689775673262963e+00 5.136916250533521122e+01 1.401820191348199387e+02
1.594476673429995550e+00 4.975944728188332533e+01 6.846907991785057845e+01
1.610263571186728138e+00 4.920733377701388633e+01 2.568813891252533921e+01
1.626050468943460725e+00 4.894837523673776047e+01 4.963226106975321272e+01
1.641837366700193535e+00 4.764025491512657595e+01 7.146960087737613776e+01
1.657624264456926122e+00 4.669180867320650918e+01 7.877764673700394837e+01
1.673411162213658709e+00 4.515294560602040974e+01 8.804126341458037075e+01
1.689198059970391297e+00 4.391201182540741854e+01 9.980144193566823674e+01
1.704984957727123884e+00 4.200183528639464470e+01 1.103376098821933482e+02
1.720771855483856472e+00 4.042823469354254229e+01 9.014533527336294583e+01
1.736558753240589281e+00 3.915560490398071636e+01 9.158248321118625768e+01
1.752345650997321869e+00 3.753662809601718209e+01 9.841125096813620132e+01
1.768132548754054456e+00 3.604838818968847391e+01 8.952518440151655454e+01
1.783919446510787044e+00 3.470997823041842878e+01 8.886947621022748933e+01
1.799706344267519631e+00 3.324244152043798550e+01 8.342486346158692356e+01
1.815493242024252440e+00 3.207593865074352379e+01 8.850765192488086086e+01
1.831280139780985028e+00 3.044791901718483729e+01 9.583795551380462996e+01
1.847067037537717615e+00 2.904997064092207637e+01 9.426601997505510155e+01
1.862853935294450203e+00 2.747158297862421605e+01 9.523603151892999108e+01
1.878640833051182790e+00 2.604300765622944880e+01 8.327991545724668754e+01
1.894427730807915378e+00 2.484211995759843461e+01 8.486039596088133408e+01
1.910214628564648187e+00 2.336364286696888826e+01 8.500915239103454724e+01
1.926001526321380775e+00 2.215805836323090361e+01 8.151542286153896555e+01
1.941788424078113362e+00 2.078989157434500612e+01 9.075014519464642149e+01
1.957575321834845949e+00 1.929273183603785569e+01 9.275258159825149562e+01
1.973362219591578537e+00 1.786134052961581276e+01 8.721836661893483722e+01
1.989149117348311346e+00 1.653891696339316297e+01 7.677214823703751279e+01
2.004936015105043712e+00 1.543735242005014818e+01 7.269774882085187073e+01
2.020722912861776521e+00 1.424357310783432595e+01 6.872981053171353949e+01
2.036509810618509331e+00 1.326729143664261379e+01 6.746199764821392364e+01
2.052296708375241696e+00 1.211354178915974522e+01 7.003031006274319736e+01
2.068083606131974506e+00 1.105616874697699181e+01 6.362732702904256143e+01
2.083870503888706871e+00 1.010458557647637434e+01 5.683502112774766601e+01
2.099657401645439680e+00 9.261671411886009508e+00 5.236433074278927791e+01
2.115444299402172490e+00 8.451244905404083241e+00 4.864403177187131178e+01
2.131231197158904855e+00 7.725794699770437646e+00 4.400201853781871364e+01
2.147018094915637665e+00 7.061934169911287640e+00 3.692847948637209754e+01
2.162804992672370030e+00 6.559822439844528397e+00 3.219691695327706782e+01
2.178591890429102840e+00 6.045355297864494659e+00 2.163789145773424849e+01
2.194378788185835649e+00 5.876632079615470516e+00 1.026309348194337723e+01
2.210165685942568015e+00 5.721310482930036301e+00 6.500027538065330290e+00
2.225952583699300824e+00 5.671401539296702765e+00 -1.526858066965223193e-01
2.241739481456033189e+00 5.726131353368480781e+00 -9.700669750777230149e+00
2.257526379212765999e+00 5.977688502351401034e+00 -1.590676336060448115e+01
2.273313276969498808e+00 6.228368246997288082e+00 -1.544790025892298679e+01
2.289100174726231174e+00 6.465437346239042427e+00 -1.616808189755222003e+01
2.304887072482963983e+00 6.738855958675561197e+00 -1.622811172466403562e+01
2.320673970239696349e+00 6.977820427403252701e+00 -1.358449716179360856e+01
2.336460867996429158e+00 7.167770094215281773e+00 -1.186581629015024753e+01
2.352247765753161524e+00 7.352469284548801554e+00 -1.318268401358908015e+01
2.368034663509894333e+00 7.583997463578970866e+00 -1.300978432725102252e+01
2.383821561266627143e+00 7.763237554571710497e+00 -8.786085870362622785e+00
2.399608459023359508e+00 7.861407542213546762e+00 -1.109173100171540405e+01
2.415395356780092317e+00 8.113445601110235827e+00 -8.778098099818089750e+00
2.431182254536824683e+00 8.138565416614341075e+00 3.861954542724038930e+00
2.446969152293557492e+00 7.991509038095968798e+00 7.880715257660505735e+00
2.462756050050290302e+00 7.889741324569122582e+00 8.550690934807375854e+00
2.478542947807022667e+00 7.721531271021519593e+00 1.168929952674420747e+01
2.494329845563755477e+00 7.520665771616054762e+00 1.402598983704421620e+01
2.510116743320487842e+00 7.278677536032743589e+00 1.535829911924815150e+01
2.525903641077220652e+00 7.035745975790280049e+00 1.652193969156758868e+01
2.541690538833953461e+00 6.757017190725383315e+00 2.319676629074445984e+01
2.557477436590685826e+00 6.303336020352670488e+00 2.487759116244911795e+01
2.573264334347418636e+00 5.971537214494624379e+00 2.103058783795423636e+01
2.589051232104151001e+00 5.639320540429133999e+00 2.273075322221180983e+01
2.604838129860883811e+00 5.253841060389467188e+00 2.642010986490068802e+01
2.620625027617616620e+00 4.805137394111473448e+00 2.750778593067589028e+01
2.636411925374348986e+00 4.385315852386129976e+00 2.815140432313567587e+01
2.652198823131081795e+00 3.916290710595905722e+00 2.929470497880348745e+01
2.667985720887814161e+00 3.460370827758096013e+00 2.655712541168157870e+01
2.683772618644546970e+00 3.077781463422019748e+00 2.298899928180043162e+01
2.699559516401279780e+00 2.734520865375329457e+00 1.932748589669023431e+01
2.715346414158012145e+00 2.467539375930538625e+00 1.182457391447798756e+01
2.731133311914744954e+00 2.361174186565746069e+00 3.953002421739470584e+00
2.746920209671477320e+00 2.342728085802303628e+00 -1.971766116519912126e-01
2.762707107428210129e+00 2.367399800582083991e+00 -1.528854822167266203e+00
2.778494005184942495e+00 2.390999835327188183e+00 -1.397933102946077355e+01
2.794280902941675304e+00 2.808780339921318259e+00 -2.380216187109481751e+01
2.810067800698408114e+00 3.142524427023535516e+00 -2.703145308179732709e+01
2.825854698455140479e+00 3.662265911957817366e+00 -3.649509246110324057e+01
2.841641596211873289e+00 4.294813013635416787e+00 -4.855258919851782906e+01
2.857428493968605654e+00 5.195255434961101315e+00 -6.427187986514356055e+01
2.873215391725338463e+00 6.324120205763464675e+00 -7.455944198394709588e+01
2.889002289482071273e+00 7.549380009760323418e+00 -7.521531850937864760e+01
2.904789187238803638e+00 8.698953291858744663e+00 -8.202586262083666213e+01
2.920576084995536448e+00 1.013924782296621352e+01 -7.479462682954368802e+01
2.936362982752268813e+00 1.106050354488069942e+01 -7.337564414451257733e+01
2.952149880509001623e+00 1.245599540685384810e+01 -7.337274172546433704e+01
2.967936778265734432e+00 1.337715948838281044e+01 -5.933438224912215020e+01
2.983723676022466798e+00 1.432940705890541366e+01 -6.859436120125461400e+01
2.999510573779199607e+00 1.554294382232799876e+01 -1.080257216643588549e+02
3.015297471535931972e+00 1.774018910493039414e+01 -1.573007982662930715e+02
3.031084369292664782e+00 2.050952706089278621e+01 -2.095621161017850511e+02
3.046871267049397591e+00 2.435686050609722031e+01 -2.314359574851683305e+02
3.062658164806129957e+00 2.781683865699253033e+01 -2.045059243705377128e+02
3.078445062562862766e+00 3.081388874346476925e+01 -1.969798489056154551e+02
3.094231960319595132e+00 3.403624012661171605e+01 -2.166045193375954625e+02
3.110018858076327941e+00 3.765291554432243970e+01 -2.035044458529588667e+02
3.125805755833060751e+00 4.046164788605410223e+01 -1.834448062068721299e+02
3.141592653589793116e+00 4.344496434350548242e+01 -1.889742052822940934e+02
