0.000000000000000000e+00 3.569143234774322764e+02 3.427348200512849985e+01
1.578689775673262907e-02 3.563732515212500971e+02 6.854696401025699970e+01
3.157379551346525814e-02 3.547500356527035592e+02 1.370939280205139994e+02
4.736069327019788722e-02 3.520446758717926627e+02 2.056408920307710275e+02
6.314759102693051629e-02 3.482571721785174077e+02 2.741878560410262367e+02
7.893448878366314536e-02 3.433875245728778509e+02 3.084613380461547081e+02
9.472138654039577443e-02 3.385178769672382373e+02 3.084613380461565271e+02
1.105082842971284035e-01 3.336482293615986237e+02 3.084613380461547081e+02
1.262951820538610326e-01 3.287785817559590669e+02 3.084613380461529459e+02
1.420820798105936755e-01 3.239089341503195101e+02 3.084613380461547081e+02
1.578689775673262907e-01 3.190392865446798965e+02 3.084613380461565271e+02
1.736558753240589059e-01 3.141696389390402828e+02 3.084613380461547081e+02
1.894427730807915489e-01 3.092999913334007260e+02 3.084613380461547081e+02
2.052296708375241918e-01 3.044303437277611124e+02 3.084613380461565271e+02
2.210165685942568070e-01 2.995606961221214988e+02 3.084613380461547081e+02
2.368034663509894222e-01 2.946910485164819420e+02 3.084613380461529459e+02
2.525903641077220652e-01 2.898214009108423852e+02 3.084613380461529459e+02
2.683772618644547081e-01 2.849517533052028284e+02 3.084613380461547081e+02
2.841641596211873511e-01 2.800821056995632148e+02 3.084613380461565271e+02
2.999510573779199385e-01 2.752124580939236012e+02 3.084613380461565271e+02
3.157379551346525814e-01 2.703428104882839875e+02 3.084613380461547081e+02
3.315248528913852244e-01 2.654731628826444307e+02 3.084613380461547081e+02
3.473117506481178118e-01 2.606035152770048171e+02 3.084613380461565271e+02
3.630986484048504548e-01 2.557338676713652035e+02 3.084613380461547081e+02
3.788855461615830977e-01 2.508642200657256467e+02 3.084613380461529459e+02
3.946724439183157407e-01 2.459945724600860899e+02 3.084613380461547081e+02
4.104593416750483836e-01 2.411249248544464763e+02 3.084613380461547081e+02
4.262462394317809711e-01 2.362552772488069195e+02 3.084613380461537986e+02
4.420331371885136140e-01 2.313856296431673343e+02 3.084613380461547081e+02
4.578200349452462570e-01 2.265159820375277491e+02 3.084613380461556176e+02
4.736069327019788444e-01 2.216463344318881354e+02 3.084613380461556176e+02
4.893938304587114874e-01 2.167766868262485502e+02 3.084613380461556176e+02
5.051807282154441303e-01 2.119070392206089366e+02 3.084613380461556176e+02
5.209676259721767178e-01 2.070373916149693514e+02 3.084613380461547081e+02
5.367545237289094162e-01 2.021677440093297662e+02 3.084613380461529459e+02
5.525414214856420037e-01 1.972980964036902378e+02 3.084613380461529459e+02
5.683283192423747021e-01 1.924284487980506526e+02 3.084613380461556176e+02
5.841152169991072896e-01 1.875588011924110390e+02 3.084613380461565271e+02
5.999021147558398770e-01 1.826891535867714254e+02 3.084613380461556176e+02
6.156890125125725755e-01 1.778195059811318401e+02 3.084613380461547081e+02
6.314759102693051629e-01 1.729498583754922549e+02 3.084613380461547081e+02
6.472628080260377503e-01 1.680802107698526697e+02 3.084613380461556176e+02
6.630497057827704488e-01 1.632105631642130561e+02 3.084613380461547081e+02
6.788366035395030362e-01 1.583409155585734993e+02 3.084613380461537986e+02
6.946235012962356237e-01 1.534712679529339141e+02 3.084613380461537986e+02
7.104103990529683221e-01 1.486016203472943573e+02 3.084613380461547081e+02
7.261972968097009096e-01 1.437319727416547437e+02 3.084613380461556176e+02
7.419841945664336080e-01 1.388623251360151585e+02 3.084613380461547081e+02
7.577710923231661955e-01 1.339926775303755733e+02 3.084613380461547081e+02
7.735579900798987829e-01 1.291230299247359881e+02 3.084613380461547081e+02
7.893448878366314814e-01 1.242533823190964029e+02 3.084613380461547081e+02
8.051317855933640688e-01 1.193837347134568176e+02 3.084613380461547081e+02
8.209186833500967673e-01 1.145140871078172324e+02 3.084613380461551628e+02
8.367055811068293547e-01 1.096444395021776330e+02 3.084613380461556176e+02
8.524924788635619421e-01 1.047747918965380336e+02 3.084613380461551628e+02
8.682793766202946406e-01 9.990514429089844839e+01 3.084613380461542533e+02
8.840662743770272280e-01 9.503549668525887739e+01 2.914792892448367638e+02
8.998531721337598155e-01 9.070203681587177869e+01 2.914792892448376733e+02
9.156400698904925139e-01 8.583238921023217927e+01 2.015482748082616240e+02
9.314269676472251014e-01 8.433839280098402469e+01 1.090764566236412492e+02
9.472138654039576888e-01 8.238843147346396734e+01 9.319854311973104188e+01
9.630007631606903873e-01 8.139576105836876252e+01 1.203731666091388632e+02
9.787876609174229747e-01 7.858779372563873267e+01 1.818374466668329887e+02
9.945745586741556732e-01 7.565446270061953271e+01 1.836900804709337649e+02
1.010361456430888261e+00 7.278800068699749204e+01 1.750808557651379829e+02
1.026148354187620848e+00 7.012649556236856085e+01 1.984178952269558351e+02
1.041935251944353436e+00 6.652319463688941426e+01 2.017904649181052434e+02
1.057722149701086245e+00 6.375520468647722083e+01 2.553797456544801889e+02
1.073509047457818832e+00 5.845988676931408889e+01 3.194598020137696039e+02
1.089295945214551420e+00 5.366864622292236220e+01 3.214152045267794620e+02
1.105082842971284007e+00 4.831158882666694154e+01 2.769208852044501441e+02
1.120869740728016595e+00 4.492520282006926635e+01 2.006648063610973622e+02
1.136656638484749404e+00 4.197583926387255104e+01 1.756531314060400462e+02
1.152443536241481992e+00 3.937916676775511604e+01 1.631158050889328308e+02
1.168230433998214579e+00 3.682565418898033016e+01 1.328100976859057880e+02
1.184017331754947167e+00 3.518584790129698092e+01 8.764109223800392101e+01
1.199804229511679754e+00 3.405849226408084718e+01 8.102253553129588681e+01
1.215591127268412341e+00 3.262765893244937132e+01 6.936671576386136451e+01
1.231378025025145151e+00 3.186832176511202164e+01 5.272497922252578206e+01
1.247164922781877738e+00 3.096293122002563791e+01 5.161510228591917837e+01
1.262951820538610326e+00 3.023863708012981633e+01 4.067156545503119958e+01
1.278738718295342913e+00 2.967877552913596517e+01 3.063257010535226144e+01
1.294525616052075501e+00 2.927145057557153507e+01 9.913174630337531212e+00
1.310312513808808310e+00 2.936577898046841639e+01 -1.856124196536055493e+01
1.326099411565540898e+00 2.985749943386177918e+01 -2.623635095537682815e+01
1.341886309322273485e+00 3.019416016055299323e+01 -3.273003426243147373e+01
1.357673207079006072e+00 3.089091084281250232e+01 -3.654363865828460689e+01
1.373460104835738660e+00 3.134798153486763539e+01 -3.831147932829795622e+01
1.389247002592471247e+00 3.210054965694253326e+01 -4.384393197839187906e+01
1.405033900349204057e+00 3.273230087765966090e+01 -2.711663250903275824e+01
1.420820798105936644e+00 3.295672466679651791e+01 -1.430310847676502561e+01
1.436607695862669232e+00 3.318390429991195134e+01 -2.410299042311430640e+01
1.452394593619401819e+00 3.371774755767894050e+01 -2.472276995453769644e+01
1.468181491376134407e+00 3.396449598298296735e+01 -2.905907803670051237e+01
1.483968389132867216e+00 3.463525294541955191e+01 -3.217750447020553395e+01
1.499755286889599804e+00 3.498046192925885123e+01 -1.893568433552780306e+01
1.515542184646332391e+00 3.523312437053703405e+01 -1.050995399093867633e+01
1.531329082403064978e+00 3.531230106742467711e+01 -5.049618232487547154e+00
1.547115980159797566e+00 3.539255998403066172e+01 -1.108551644077947707e+01
1.562902877916530375e+00 3.566231289668700555e+01 -1.407483710212971495e+01
1.578689775673262963e+00 3.583695601257863927e+01 -2.694273191648107746e-01
1.594476673429995550e+00 3.567081973976805642e+01 9.869102841962194006e+00
1.610263571186728138e+00 3.552535097754516613e+01 3.316528861605646483e+01
1.626050468943460725e+00 3.462366569885963230e+01 5.468341705465113023e+01
1.641837366700193535e+00 3.379878794948407261e+01 4.678265610885740244e+01
1.657624264456926122e+00 3.314655968130180241e+01 5.411653764873544503e+01
1.673411162213658709e+00 3.209012345586615567e+01 5.689814375708067473e+01
1.689198059970391297e+00 3.135006932521998735e+01 4.238444282015763775e+01
1.704984957727123884e+00 3.075188572531033770e+01 3.990253078707680601e+01
1.720771855483856472e+00 3.009019497767907225e+01 4.503660298363069359e+01
1.736558753240589281e+00 2.932990923208406286e+01 4.970910652444243283e+01
1.752345650997321869e+00 2.852068981311926521e+01 4.619898778141153883e+01
1.768132548754054456e+00 2.787123183894469491e+01 4.986789717802464139e+01
1.783919446510787044e+00 2.694617102493380401e+01 6.764685636568901828e+01
1.799706344267519631e+00 2.573536382892567431e+01 6.368594103954964680e+01
1.815493242024252440e+00 2.493536414546845847e+01 5.577378833458551810e+01
1.831280139780985028e+00 2.397437364103817714e+01 5.994868818676771127e+01
1.847067037537717615e+00 2.304255652335896443e+01 5.362541298560316960e+01
1.862853935294450203e+00 2.228121581710561827e+01 5.110284865747184568e+01
1.878640833051182790e+00 2.142904562969238569e+01 5.774168795059870973e+01
1.894427730807915378e+00 2.045809156915109384e+01 5.869655288408154092e+01
1.910214628564648187e+00 1.957577267158509571e+01 5.204520892775927621e+01
1.926001526321380775e+00 1.881482678501044603e+01 4.791867901241216288e+01
1.941788424078113362e+00 1.806279809917181467e+01 4.570688178595278117e+01
1.957575321834845949e+00 1.737168704594264312e+01 4.131306986939511461e+01
1.973362219591578537e+00 1.675838767908203053e+01 3.643643222692642780e+01
1.989149117348311346e+00 1.622125058556943245e+01 4.013075653902992457e+01
2.004936015105043712e+00 1.549130737831804083e+01 4.999767164156035903e+01
2.020722912861776521e+00 1.464263432500942486e+01 4.723403545515640900e+01
2.036509810618509331e+00 1.399994960158116442e+01 4.747138760846071648e+01
2.052296708375241696e+00 1.314378243991943762e+01 5.751342901359044646e+01
2.068083606131974506e+00 1.218403235462785972e+01 5.367277553290102787e+01
2.083870503888706871e+00 1.144912920060349926e+01 4.342789971255761827e+01
2.099657401645439680e+00 1.081284872952428877e+01 3.814750079331240329e+01
2.115444299402172490e+00 1.024466781120569969e+01 3.464203859579246370e+01
2.131231197158904855e+00 9.719068086731166289e+00 2.945492768151009955e+01
2.147018094915637665e+00 9.314663947725792426e+00 2.254386589682645692e+01
2.162804992672370030e+00 9.007272674821784619e+00 2.247625658268715654e+01
2.178591890429102840e+00 8.605003218475850701e+00 1.925374820781927809e+01
2.194378788185835649e+00 8.399358766040350588e+00 9.379012635001750198e+00
2.210165685942568015e+00 8.308872191420098474e+00 3.270293616454185592e+00
2.225952583699300824e+00 8.296103184125435348e+00 1.001795028954158173e+00
2.241739481456033189e+00 8.277241720029493877e+00 -2.821447103835551307e+00
2.257526379212765999e+00 8.385186978033997818e+00 -7.778872054788493529e+00
2.273313276969498808e+00 8.522850235612795089e+00 -6.283462926345350752e+00
2.289100174726231174e+00 8.583579751586865925e+00 -5.636871635389546498e+00
2.304887072482963983e+00 8.700827667964237122e+00 -3.263013210288823629e+00
2.320673970239696349e+00 8.686605463446261055e+00 1.095560912638707807e+00
2.336460867996429158e+00 8.666236651736037189e+00 -1.166085767968633835e+00
2.352247765753161524e+00 8.723423217035264798e+00 -2.637686782538111618e+00
2.368034663509894333e+00 8.749518434836465630e+00 -2.477761062697317662e+00
2.383821561266627143e+00 8.801655538160096270e+00 1.903372502420527523e-01
2.399608459023359508e+00 8.743508765418727791e+00 5.792003652636799060e-01
2.415395356780092317e+00 8.783367984265936457e+00 -1.998839978836227438e+00
2.431182254536824683e+00 8.806619730174642058e+00 2.199759011282450327e+00
2.446969152293557492e+00 8.713913243064801861e+00 6.690939107104816763e+00
2.462756050050290302e+00 8.595361387013866761e+00 8.573101549210921490e+00
2.478542947807022667e+00 8.443227887833844036e+00 1.189032944162427441e+01
2.494329845563755477e+00 8.219938556636286364e+00 1.490664851359120036e+01
2.510116743320487842e+00 7.972568415874614622e+00 1.196076619502553484e+01
2.525903641077220652e+00 7.842291770610182233e+00 1.283425055311219865e+01
2.541690538833953461e+00 7.567342413342071694e+00 2.013481985082701442e+01
2.557477436590685826e+00 7.206559085939709064e+00 1.750449289716442181e+01
2.573264334347418636e+00 7.014659134040097221e+00 1.310100539387541829e+01
2.589051232104151001e+00 6.792910620612681249e+00 1.453686482940412894e+01
2.604838129860883811e+00 6.555675136509606205e+00 1.662496546295963640e+01
2.620625027617616620e+00 6.267997360666771378e+00 1.813572786307861051e+01
2.636411925374348986e+00 5.983061373472907896e+00 1.770767617630188795e+01
2.652198823131081795e+00 5.708898814057555171e+00 2.203188433911885369e+01
2.667985720887814161e+00 5.287431162573251520e+00 1.709906314359427881e+01
2.683772618644546970e+00 5.169016490889879023e+00 1.244184351988563542e+01
2.699559516401279780e+00 4.894594939465849670e+00 1.494118785433344065e+01
2.715346414158012145e+00 4.697266480848884207e+00 8.467314467462603744e+00
2.731133311914744954e+00 4.627249683921979440e+00 1.623291804226027368e+00
2.746920209671477320e+00 4.646012997363567543e+00 -1.493174801156067710e+00
2.762707107428210129e+00 4.674394879759540267e+00 -4.890342534772093686e+00
2.778494005184942495e+00 4.800419672547262984e+00 -1.241075796399294973e+01
2.794280902941675304e+00 5.066249613881764091e+00 -1.914141103164395474e+01
2.810067800698408114e+00 5.404786670299577267e+00 -2.112172387687409625e+01
2.825854698455140479e+00 5.733142604462063474e+00 -3.060746595911919599e+01
2.841641596211873289e+00 6.371180541678155507e+00 -3.702086846158896805e+01
2.857428493968605654e+00 6.902031934999168783e+00 -3.798660125406252064e+01
2.873215391725338463e+00 7.570561721925468390e+00 -4.359648730729387012e+01
2.889002289482071273e+00 8.278538510345049062e+00 -5.131364546098882329e+01
2.904789187238803638e+00 9.190728270761184149e+00 -5.555249506017612759e+01
2.920576084995536448e+00 1.003254162963783891e+01 -4.716807396516603745e+01
2.936362982752268813e+00 1.068000339290134093e+01 -3.960919351157840396e+01
2.952149880509001623e+00 1.128315420602569041e+01 -3.130084463942456807e+01
2.967936778265734432e+00 1.166828986094527743e+01 -1.449668825812795703e+01
2.983723676022466798e+00 1.174086967671027537e+01 2.876319624492588822e+00
2.999510573779199607e+00 1.157747353329018125e+01 5.750121992565738971e+00
3.015297471535931972e+00 1.155931650073952532e+01 -3.002898972035091774e+01
3.031084369292664782e+00 1.252560271419649141e+01 -9.403777372953889824e+01
3.046871267049397591e+00 1.452844593901750159e+01 -1.738548719335200019e+02
3.062658164806129957e+00 1.801486088964514209e+01 -2.207742417567398832e+02
3.078445062562862766e+00 2.149912670288514960e+01 -2.221556394336712970e+02
3.094231960319595132e+00 2.502915762128699839e+01 -2.697185155231773592e+02
3.110018858076327941e+00 3.001516395820935657e+01 -3.565305107090869114e+02
3.125805755833060751e+00 3.628617906072704358e+01 -4.351703439438487635e+02
3.141592653589793116e+00 4.375514341141678187e+01 -4.731115932833893112e+02
