0.000000000000000000e+00 1.728541157592438822e+02 9.353475330841918733e+00
1.578689775673262907e-02 1.727064534005257599e+02 1.870695066168473986e+01
3.157379551346525814e-02 1.722634663243713646e+02 3.741390132337037500e+01
4.736069327019788722e-02 1.715251545307806964e+02 5.612085198505601369e+01
6.314759102693051629e-02 1.704915180197537552e+02 7.482780264674165949e+01
7.893448878366314536e-02 1.691625567912905410e+02 8.418127797758536701e+01
9.472138654039577443e-02 1.678335955628272984e+02 8.418127797758536701e+01
1.105082842971284035e-01 1.665046343343640842e+02 8.418127797758536701e+01
1.262951820538610326e-01 1.651756731059008416e+02 8.418127797758536701e+01
1.420820798105936755e-01 1.638467118774376274e+02 8.418127797758447173e+01
1.578689775673262907e-01 1.625177506489744133e+02 8.418127797758447173e+01
1.736558753240589059e-01 1.611887894205111991e+02 8.418127797758536701e+01
1.894427730807915489e-01 1.598598281920479565e+02 8.418127797758536701e+01
2.052296708375241918e-01 1.585308669635847423e+02 8.418127797758447173e+01
2.210165685942568070e-01 1.572019057351215281e+02 8.418127797758447173e+01
2.368034663509894222e-01 1.558729445066583139e+02 8.418127797758536701e+01
2.525903641077220652e-01 1.545439832781950713e+02 8.418127797758536701e+01
2.683772618644547081e-01 1.532150220497318571e+02 8.418127797758447173e+01
2.841641596211873511e-01 1.518860608212686429e+02 8.418127797758447173e+01
2.999510573779199385e-01 1.505570995928054288e+02 8.418127797758447173e+01
3.157379551346525814e-01 1.492281383643422146e+02 8.418127797758447173e+01
3.315248528913852244e-01 1.478991771358790004e+02 8.418127797758447173e+01
3.473117506481178118e-01 1.465702159074157862e+02 8.418127797758536701e+01
3.630986484048504548e-01 1.452412546789525436e+02 8.418127797758536701e+01
3.788855461615830977e-01 1.439122934504893294e+02 8.418127797758536701e+01
3.946724439183157407e-01 1.425833322220260868e+02 8.418127797758536701e+01
4.104593416750483836e-01 1.412543709935628726e+02 8.418127797758536701e+01
4.262462394317809711e-01 1.399254097650996300e+02 8.418127797758447173e+01
4.420331371885136140e-01 1.385964485366364443e+02 8.418127797758357644e+01
4.578200349452462570e-01 1.372674873081732301e+02 8.418127797758447173e+01
4.736069327019788444e-01 1.359385260797100159e+02 8.418127797758447173e+01
4.893938304587114874e-01 1.346095648512468017e+02 8.418127797758536701e+01
5.051807282154441303e-01 1.332806036227835591e+02 8.418127797758536701e+01
5.209676259721767178e-01 1.319516423943203449e+02 8.418127797758357644e+01
5.367545237289094162e-01 1.306226811658571592e+02 8.418127797758447173e+01
5.525414214856420037e-01 1.292937199373939166e+02 8.418127797758582176e+01
5.683283192423747021e-01 1.279647587089306882e+02 8.418127797758536701e+01
5.841152169991072896e-01 1.266357974804674598e+02 8.418127797758492648e+01
5.999021147558398770e-01 1.253068362520042456e+02 8.418127797758536701e+01
6.156890125125725755e-01 1.239778750235410030e+02 8.418127797758536701e+01
6.314759102693051629e-01 1.226489137950777888e+02 8.418127797758447173e+01
6.472628080260377503e-01 1.213199525666145746e+02 8.418127797758492648e+01
6.630497057827704488e-01 1.199909913381513462e+02 8.418127797758492648e+01
6.788366035395030362e-01 1.186620301096881320e+02 8.418127797758401698e+01
6.946235012962356237e-01 1.173330688812249321e+02 8.418127797758401698e+01
7.104103990529683221e-01 1.160041076527617179e+02 8.418127797758447173e+01
7.261972968097009096e-01 1.146751464242985037e+02 8.418127797758492648e+01
7.419841945664336080e-01 1.133461851958352753e+02 8.418127797758536701e+01
7.577710923231661955e-01 1.120172239673720469e+02 8.418127797758492648e+01
7.735579900798987829e-01 1.106882627389088327e+02 8.418127797758447173e+01
7.893448878366314814e-01 1.093593015104456185e+02 8.418127797758492648e+01
8.051317855933640688e-01 1.080303402819823901e+02 8.418127797758536701e+01
8.209186833500967673e-01 1.067013790535191617e+02 8.418127797758492648e+01
8.367055811068293547e-01 1.053724178250559476e+02 8.208456882342940730e+01
8.524924788635619421e-01 1.041096576626772361e+02 6.337761816174422336e+01
8.682793766202946406e-01 1.033713458690865536e+02 8.015313141123225193e+01
8.840662743770272280e-01 1.015789190817350800e+02 1.219665221691264776e+02
8.998531721337598155e-01 9.952039983863002703e+01 1.322866362141905086e+02
9.156400698904925139e-01 9.740212788074406092e+01 1.443819208438250428e+02
9.314269676472251014e-01 9.496171459406576787e+01 1.909634463876923576e+02
9.472138654039576888e-01 9.137268707395247702e+01 1.964647788303755078e+02
9.630007631606903873e-01 8.875857584167731318e+01 1.778642098106606682e+02
9.787876609174229747e-01 8.575683888422659606e+01 2.075969696977777232e+02
9.945745586741556732e-01 8.220395157122463559e+01 2.403129592926849512e+02
1.010361456430888261e+00 7.816924664828366076e+01 2.589194517332614396e+02
1.026148354187620848e+00 7.402888174774010110e+01 2.804031019248987491e+02
1.041935251944353436e+00 6.931585644676555091e+01 3.008589449166449299e+02
1.057722149701086245e+00 6.452962294254504627e+01 2.847331386256788619e+02
1.073509047457818832e+00 6.032575055189121116e+01 2.261453937357524069e+02
1.089295945214551420e+00 5.738935452442031249e+01 2.172075386545936624e+02
1.105082842971284007e+00 5.346768414242797007e+01 2.450537847649112564e+02
1.120869740728016595e+00 4.965207643445227603e+01 2.358844855010216008e+02
1.136656638484749404e+00 4.601991563241975314e+01 2.315696093893720899e+02
1.152443536241481992e+00 4.234054494045921757e+01 2.020021716292756366e+02
1.168230433998214579e+00 3.964194037212109123e+01 1.406189440062316294e+02
1.184017331754947167e+00 3.790067115708703938e+01 1.000696017444284251e+02
1.199804229511679754e+00 3.648236322952860178e+01 8.595534011504095417e+01
1.215591127268412341e+00 3.518673482500437899e+01 7.663244673098289184e+01
1.231378025025145151e+00 3.406278602674802869e+01 6.780704423763778266e+01
1.247164922781877738e+00 3.304580907587271099e+01 4.999044822129338428e+01
1.262951820538610326e+00 3.248439783698243843e+01 2.080059938883356097e+01
1.278738718295342913e+00 3.238905520421216977e+01 4.463546339869671975e+00
1.294525616052075501e+00 3.234346673758251711e+01 -2.924597497634882526e+00
1.310312513808808310e+00 3.248139584756168574e+01 -1.017069869045662145e+01
1.326099411565540898e+00 3.266459429826406335e+01 -1.828155830666696602e+01
1.341886309322273485e+00 3.305861403120388076e+01 -2.731867894777897376e+01
1.357673207079006072e+00 3.352714868105924495e+01 -2.447129870489631642e+01
1.373460104835738660e+00 3.383126581246120423e+01 -2.759664416705572165e+01
1.389247002592471247e+00 3.439847948084772611e+01 -3.521201045765547377e+01
1.405033900349204057e+00 3.494304263026921831e+01 -3.874348421929745712e+01
1.420820798105936644e+00 3.562175832906699213e+01 -5.193750585162371891e+01
1.436607695862669232e+00 3.658290681950779089e+01 -5.358448744075394643e+01
1.452394593619401819e+00 3.731362397821520460e+01 -3.136345364465379859e+01
1.468181491376134407e+00 3.757317009148013653e+01 -1.938304111131463259e+01
1.483968389132867216e+00 3.792562015469294323e+01 -1.064419977881353852e+01
1.499755286889599804e+00 3.790924787870086732e+01 2.565823377918616810e+00
1.515542184646332391e+00 3.784460737203487213e+01 2.976358407910407955e+00
1.531329082403064978e+00 3.781527294695472108e+01 -1.009355486730113860e+01
1.547115980159797566e+00 3.816329920941898024e+01 -1.093025940362300474e+01
1.562902877916530375e+00 3.816038272227384454e+01 6.482593709157304041e+00
1.578689775673262963e+00 3.795861912124917126e+01 1.589766525537281083e+01
1.594476673429995550e+00 3.765843309035918196e+01 1.036000403073408904e+01
1.610263571186728138e+00 3.763151447246409731e+01 1.502811288540764600e+01
1.626050468943460725e+00 3.718393852716204862e+01 3.273464577950991128e+01
1.641837366700193535e+00 3.659795746041613285e+01 3.068479141886473727e+01
1.657624264456926122e+00 3.621510319752947993e+01 3.408102156066909316e+01
1.673411162213658709e+00 3.552189025476956630e+01 6.189028839433927942e+01
1.689198059970391297e+00 3.426099188749721947e+01 7.170924049231295783e+01
1.704984957727123884e+00 3.325775735903937402e+01 7.286945902626804639e+01
1.720771855483856472e+00 3.196022648902499697e+01 7.656028536853493449e+01
1.736558753240589281e+00 3.084045856436070565e+01 7.095642247769066557e+01
1.752345650997321869e+00 2.971986291534734193e+01 6.878986969373593752e+01
1.768132548754054456e+00 2.866850128525276631e+01 6.417805257738666569e+01
1.783919446510787044e+00 2.769351820681651333e+01 6.773225574916875757e+01
1.799706344267519631e+00 2.652993689256278032e+01 7.164038903119943313e+01
1.815493242024252440e+00 2.543155921304032319e+01 6.412624505692275534e+01
1.831280139780985028e+00 2.450522794408913896e+01 6.101921902304606249e+01
1.847067037537717615e+00 2.350495086921531751e+01 5.837031555254436910e+01
1.862853935294450203e+00 2.266225553677666227e+01 4.733616290757291978e+01
1.878640833051182790e+00 2.201036854117953112e+01 4.302340469455947414e+01
1.894427730807915378e+00 2.130384335465758028e+01 5.135507984718409347e+01
1.910214628564648187e+00 2.038889375150685979e+01 5.677760155241222861e+01
1.926001526321380775e+00 1.951115897349670902e+01 5.817096250932406321e+01
1.941788424078113362e+00 1.855221567641600799e+01 6.186725563628483826e+01
1.957575321834845949e+00 1.755777489505737066e+01 6.244150337769018932e+01
1.973362219591578537e+00 1.658070041721546772e+01 6.204542159245312405e+01
1.989149117348311346e+00 1.559876544115051367e+01 5.824071042605095982e+01
2.004936015105043712e+00 1.474182013566439053e+01 5.474308149196289719e+01
2.020722912861776521e+00 1.387031858034631249e+01 4.559012219065603944e+01
2.036509810618509331e+00 1.330236694018272203e+01 3.888078956327001379e+01
2.052296708375241696e+00 1.264270448127355095e+01 4.335335179313248943e+01
2.068083606131974506e+00 1.193353707584303436e+01 4.248556257712125017e+01
2.083870503888706871e+00 1.130127401618899263e+01 4.050084669738721033e+01
2.099657401645439680e+00 1.065477162409752587e+01 4.075550425412142630e+01
2.115444299402172490e+00 1.001446805882119939e+01 3.979286605560448464e+01
2.131231197158904855e+00 9.398359808363156986e+00 3.798666220423382356e+01
2.147018094915637665e+00 8.815084954145641305e+00 3.189381419728788813e+01
2.162804992672370030e+00 8.391351040753534107e+00 2.935437572730196010e+01
2.178591890429102840e+00 7.888255897506381231e+00 2.143265966237490971e+01
2.194378788185835649e+00 7.714640627264013339e+00 7.754421402067896985e+00
2.210165685942568015e+00 7.643419381832250892e+00 1.365343190467181778e+00
2.225952583699300824e+00 7.671531560562500296e+00 -4.157522829144534526e+00
2.241739481456033189e+00 7.774688157482223971e+00 -9.157090954822358242e+00
2.257526379212765999e+00 7.960655677868263780e+00 -1.029918203805391208e+01
2.273313276969498808e+00 8.099872425107692564e+00 -8.190448247550124350e+00
2.289100174726231174e+00 8.219259216000031287e+00 -8.194995126286237053e+00
2.304887072482963983e+00 8.358619525458898636e+00 -6.164930766283506891e+00
2.320673970239696349e+00 8.413909479369337419e+00 -1.343938319219311728e+00
2.336460867996429158e+00 8.401052759132639380e+00 1.023977675845580526e+00
2.352247765753161524e+00 8.381578617621835647e+00 1.986353382757837460e+00
2.368034663509894333e+00 8.338336043607963433e+00 1.476551474206361236e+00
2.383821561266627143e+00 8.334958283310138327e+00 4.472158246977610219e+00
2.399608459023359508e+00 8.197133033614035114e+00 2.365470397516323153e+00
2.415395356780092317e+00 8.260271404685802565e+00 -1.063796153827758273e+00
2.431182254536824683e+00 8.230721115843003588e+00 4.486182360725265994e+00
2.446969152293557492e+00 8.118625600192148184e+00 5.074794010814590806e+00
2.462756050050290302e+00 8.070490607472585509e+00 3.792551083106182386e+00
2.478542947807022667e+00 7.998880367819782400e+00 4.721189995028924891e+00
2.494329845563755477e+00 7.921424719989324181e+00 4.385255340772991950e+00
2.510116743320487842e+00 7.860421212415884540e+00 3.874425260111239222e+00
2.525903641077220652e+00 7.799094409094367464e+00 8.058890411253937458e+00
2.541690538833953461e+00 7.605971454505526808e+00 1.946763193770005884e+01
2.557477436590685826e+00 7.184427379162020344e+00 2.057650710435938990e+01
2.573264334347418636e+00 6.956293026811118274e+00 1.986961458910935718e+01
2.589051232104151001e+00 6.557068231194115526e+00 2.585389682831041114e+01
2.604838129860883811e+00 6.139987375127817337e+00 2.647129138931407155e+01
2.620625027617616620e+00 5.721269089890559378e+00 2.412716404172443774e+01
2.636411925374348986e+00 5.378201231354577949e+00 2.161477488592859686e+01
2.652198823131081795e+00 5.038808607572665466e+00 2.274770280437245518e+01
2.667985720887814161e+00 4.659969914608241837e+00 1.454947456842437425e+01
2.683772618644546970e+00 4.579426472720871111e+00 2.660326840780995905e+00
2.699559516401279780e+00 4.575973298938439626e+00 4.548957493844437927e+00
2.715346414158012145e+00 4.435798619010781429e+00 3.427837480881843035e+00
2.731133311914744954e+00 4.467743459263684436e+00 -2.620590953289500646e+00
2.746920209671477320e+00 4.518540621894381104e+00 -2.199410490023820941e+00
2.762707107428210129e+00 4.537187196325866978e+00 2.678103407706997618e+00
2.778494005184942495e+00 4.433982732535525884e+00 4.624039617603905444e-02
2.794280902941675304e+00 4.535727211512543100e+00 -6.277784821869307308e+00
2.810067800698408114e+00 4.632196226778763304e+00 -1.022533191087508975e+01
2.825854698455140479e+00 4.858579750323824165e+00 -2.425672419668928015e+01
2.841641596211873289e+00 5.398073076391555425e+00 -3.871521792086699776e+01
2.857428493968605654e+00 6.080966124216524271e+00 -5.045892325841850834e+01
2.873215391725338463e+00 6.991252801182497478e+00 -6.076226498544909305e+01
2.889002289482071273e+00 7.999461453802084066e+00 -5.758741523585926814e+01
2.904789187238803638e+00 8.809506073988531583e+00 -5.036590881772899309e+01
2.920576084995536448e+00 9.589704359662896138e+00 -4.507040038659052783e+01
2.936362982752268813e+00 1.023254967950474636e+01 -4.097297943133165177e+01
2.952149880509001623e+00 1.088337683380517973e+01 -3.161871340843300615e+01
2.967936778265734432e+00 1.123087247106147224e+01 -1.656444336999251021e+01
2.983723676022466798e+00 1.140637918156369857e+01 -1.656017839083609644e+01
2.999510573779199607e+00 1.175374015724023735e+01 -3.429258266919818965e+01
3.015297471535931972e+00 1.248912617438956474e+01 -6.291023095677974197e+01
3.031084369292664782e+00 1.374005492517447280e+01 -9.209064870544951020e+01
3.046871267049397591e+00 1.539677748531779145e+01 -1.200184892202835130e+02
3.062658164806129957e+00 1.752949416165073870e+01 -1.443624431483000023e+02
3.078445062562862766e+00 1.995484774510646986e+01 -1.652237857155007532e+02
3.094231960319595132e+00 2.274623618579256146e+01 -1.896777334792759291e+02
3.110018858076327941e+00 2.594369371543869107e+01 -2.012412503033721407e+02
3.125805755833060751e+00 2.910018627174531147e+01 -2.100702291482641044e+02
3.141592653589793116e+00 3.257640817403277111e+01 -2.201966438152776107e+02
