-3.078760800517997165e+00 7.060664117591371358e+00 9.069524039687123507e-01
-2.953097094374405707e+00 6.946693117212823232e+00 1.191952677688923323e+00
-2.827433388230813804e+00 6.761093735539035698e+00 1.063201837374595504e+00
-2.701769682087221902e+00 6.679481350686487851e+00 9.802315549409085227e-01
-2.576105975943630444e+00 6.514734675393495600e+00 1.176457289384413851e+00
-2.450442269800038542e+00 6.383805384479109613e+00 1.435939242496946822e+00
-2.324778563656446639e+00 6.153843781375120336e+00 1.537690765086593192e+00
-2.199114857512855181e+00 5.997341543591997670e+00 1.367191126871740492e+00
-2.073451151369263279e+00 5.810231173356448231e+00 1.480515602401486275e+00
-1.947787445225671821e+00 5.625247388389632341e+00 1.779421735578335051e+00
-1.822123739082079918e+00 5.363013713185977416e+00 2.014589957453183811e+00
-1.696460032938488016e+00 5.118925707563177774e+00 2.138950028729752706e+00
-1.570796326794896558e+00 4.825436937453733144e+00 2.377878863779783192e+00
-1.445132620651304656e+00 4.521299565997018099e+00 2.659804466976860571e+00
-1.319468914507712753e+00 4.156955163578548884e+00 3.216015916989368062e+00
-1.193805208364121295e+00 3.713026607705688598e+00 3.722383740763409499e+00
-1.068141502220529393e+00 3.221418090472597306e+00 4.018054670972618148e+00
-9.424777960769377128e-01 2.703179324821712193e+00 4.389900103796273712e+00
-8.168140899333460325e-01 2.118115857186244178e+00 4.543747314791279024e+00
-6.911503837897543523e-01 1.561211070108384114e+00 4.154424228675519082e+00
-5.654866776461626721e-01 1.073995166250050204e+00 3.646045588667075066e+00
-4.398229715025707698e-01 6.448598672275895893e-01 3.140003360085779516e+00
-3.141592653589790896e-01 2.848262471866318535e-01 2.178466264147108422e+00
-1.884955592153874093e-01 9.735157830457019656e-02 1.083168330044770533e+00
-6.283185307179550705e-02 1.259635372505041317e-02 2.571520552525798919e-01
6.283185307179617318e-02 3.272221769360861288e-02 -5.815511055660897988e-01
1.884955592153878534e-01 1.587560881997260864e-01 -1.476501417863016696e+00
3.141592653589797557e-01 4.038074982834771731e-01 -2.251484396090279727e+00
4.398229715025714359e-01 7.246158352740668107e-01 -2.811364561176659116e+00
5.654866776461631162e-01 1.110380478439898511e+00 -3.541607085960394308e+00
6.911503837897547964e-01 1.614718779526443271e+00 -3.996439492110357872e+00
8.168140899333464766e-01 2.114795274354298371e+00 -4.078625713210174197e+00
9.424777960769383789e-01 2.639789225715522214e+00 -4.153641444195104171e+00
1.068141502220530281e+00 3.158719230092651209e+00 -4.056724168944978004e+00
1.193805208364121739e+00 3.659355213459336120e+00 -3.709848941605319972e+00
1.319468914507713198e+00 4.091105964562660624e+00 -3.402894622756845067e+00
1.445132620651305100e+00 4.514595913282783535e+00 -2.983068937005144861e+00
1.570796326794897002e+00 4.840832961174441174e+00 -2.403531623729399769e+00
1.696460032938488904e+00 5.118669296625104614e+00 -2.292232455053977880e+00
1.822123739082080363e+00 5.416933812463853748e+00 -2.205353985685376994e+00
1.947787445225671821e+00 5.672935207024635496e+00 -2.122843459499318186e+00
2.073451151369263723e+00 5.950462565830588524e+00 -1.955599349302214796e+00
2.199114857512855625e+00 6.164430930955259846e+00 -1.548685679965627005e+00
2.324778563656447528e+00 6.339689730222565878e+00 -1.180073300833069938e+00
2.450442269800039430e+00 6.461015699962829650e+00 -9.765795720910965816e-01
2.576105975943630888e+00 6.585130946968745569e+00 -7.485661863263698423e-01
2.701769682087222346e+00 6.649150902497921400e+00 -5.279506393767076089e-01
2.827433388230814248e+00 6.717819414978657200e+00 2.323709273250185725e-01
2.953097094374406151e+00 6.590749718642551436e+00 1.014828989710374829e+00
3.078760800517997609e+00 6.462765071080732504e+00 1.018469464966880844e+00
