1.000000000000000021e-03 6.760811114491974649e+01 1.206628890877965432e+01
4.100000000000000172e-02 6.712545958856856032e+01 2.171932003580341330e+01
8.100000000000000255e-02 6.587056554205547343e+01 3.861212450809503594e+01
1.209999999999999964e-01 6.403648962792095745e+01 5.067841341687477552e+01
1.610000000000000042e-01 6.181629246870549110e+01 5.791818676214255390e+01
2.010000000000000120e-01 5.940303468694955313e+01 6.033144454389853450e+01
2.409999999999999920e-01 5.698977690519360806e+01 6.033144454389844924e+01
2.810000000000000275e-01 5.457651912343767719e+01 6.033144454389844924e+01
3.210000000000000075e-01 5.216326134168173212e+01 6.033144454389853450e+01
3.609999999999999876e-01 4.975000355992579415e+01 6.033144454389853450e+01
4.010000000000000231e-01 4.733674577816984907e+01 6.033144454389853450e+01
4.410000000000000031e-01 4.492348799641391111e+01 6.033144454389853450e+01
4.809999999999999831e-01 4.251023021465796603e+01 6.033144454389853450e+01
5.210000000000000187e-01 4.009697243290202806e+01 6.033144454389844924e+01
5.610000000000000542e-01 3.768371465114609009e+01 6.033144454389853450e+01
6.009999999999999787e-01 3.527045686939014502e+01 6.033144454389844924e+01
6.410000000000000142e-01 3.285719908763421415e+01 6.033144454389844924e+01
6.810000000000000497e-01 3.044394130587826908e+01 6.033144454389853450e+01
7.209999999999999742e-01 2.803068352412233111e+01 6.033144454389849187e+01
7.610000000000000098e-01 2.561742574236638958e+01 6.033144454389849187e+01
8.010000000000000453e-01 2.320416796061045162e+01 6.062845289374267566e+01
8.409999999999999698e-01 2.076714951086697525e+01 6.092546124358695181e+01
8.810000000000000053e-01 1.833013106112349533e+01 6.066561363405704554e+01
9.210000000000000409e-01 1.591390042014241146e+01 5.955492531402739331e+01
9.609999999999999654e-01 1.356573703600130365e+01 5.711890860308774620e+01
1.000999999999999890e+00 1.134438773189539162e+01 5.246265303886232800e+01
1.040999999999999925e+00 9.368724792892317410e+00 4.600063353148598821e+01
1.080999999999999961e+00 7.664337049376512390e+00 3.876870854033198555e+01
1.120999999999999996e+00 6.267228109665758495e+00 3.134413553857863022e+01
1.160999999999999810e+00 5.156806206290221795e+00 2.479783396287021802e+01
1.200999999999999845e+00 4.283401392636140947e+00 2.004538039910415748e+01
1.240999999999999881e+00 3.553175774361889250e+00 1.697094784079875041e+01
1.280999999999999917e+00 2.925725565372240933e+00 1.499272731257830138e+01
1.320999999999999952e+00 2.353757589355625068e+00 1.383472313920040442e+01
1.360999999999999988e+00 1.818947714236208490e+00 1.293514612621773630e+01
1.401000000000000023e+00 1.318945899258206156e+00 1.197172722321168159e+01
1.440999999999999837e+00 8.612095363792738878e-01 1.089276513294311677e+01
1.480999999999999872e+00 4.475246886227569054e-01 9.751408550212248727e+00
1.520999999999999908e+00 8.109685236229398353e-02 8.489818625201996483e+00
1.560999999999999943e+00 -2.316608013934027543e-01 6.999830803285984615e+00
1.600999999999999979e+00 -4.788896119005847662e-01 5.289744029005444048e+00
1.641000000000000014e+00 -6.548403237138382682e-01 3.593887227955943953e+00
1.680999999999999828e+00 -7.664005901370603002e-01 2.173728279424579135e+00
1.720999999999999863e+00 -8.287385860678045946e-01 1.133875533027128846e+00
1.760999999999999899e+00 -8.571106327792306079e-01 4.537901728240326116e-01
1.800999999999999934e+00 -8.650417998937272035e-01 8.941579390158438390e-02
1.840999999999999970e+00 -8.642638962913573586e-01 -1.046351515889387684e-01
1.881000000000000005e+00 -8.566709877666121020e-01 -3.196399659598364584e-01
1.920999999999999819e+00 -8.386926990145704419e-01 -6.103029012070867454e-01
1.960999999999999854e+00 -8.078467556700451579e-01 -8.739565506988317134e-01
2.000999999999999890e+00 -7.687761749586639048e-01 -1.038232104860825622e+00
2.040999999999999925e+00 -7.247881872811791082e-01 -1.141095874803327304e+00
2.080999999999999961e+00 -6.774885049743977206e-01 -1.207783478093972462e+00
2.120999999999999996e+00 -6.281655090336613068e-01 -1.221794159283601244e+00
2.161000000000000032e+00 -5.797449722317096210e-01 -1.180992019969929974e+00
2.201000000000000068e+00 -5.336861474360669044e-01 -1.125777679604890391e+00
2.241000000000000103e+00 -4.896827578633183853e-01 -1.054783679039612121e+00
2.281000000000000139e+00 -4.493034531128979325e-01 -9.575399729101859991e-01
2.320999999999999730e+00 -4.130795600305035009e-01 -8.780714878819894098e-01
2.360999999999999766e+00 -3.790577340823387820e-01 -8.456318610624693477e-01
2.400999999999999801e+00 -3.454290111455059487e-01 -8.418885174498305091e-01
2.440999999999999837e+00 -3.117066526863523368e-01 -8.594825710423130705e-01
2.480999999999999872e+00 -2.766704054621209052e-01 -9.066760090725906052e-01
2.520999999999999908e+00 -2.391725719605450884e-01 -9.396320772099696628e-01
2.560999999999999943e+00 -2.014998392853233344e-01 -9.193570541879032554e-01
2.600999999999999979e+00 -1.656240076255128257e-01 -8.590821084307330713e-01
2.641000000000000014e+00 -1.327732706108646910e-01 -7.748225060111411100e-01
2.681000000000000050e+00 -1.036382071446215331e-01 -6.602836319717586555e-01
2.721000000000000085e+00 -7.995058005312399851e-02 -5.281601633138756080e-01
2.761000000000000121e+00 -6.138539407951148358e-02 -4.064320090584048750e-01
2.801000000000000156e+00 -4.743601932845160907e-02 -2.922934217959186620e-01
2.840999999999999748e+00 -3.800192033583799089e-02 -1.747289199809608784e-01
2.880999999999999783e+00 -3.345770572997473769e-02 -6.346376316458063327e-02
2.920999999999999819e+00 -3.292481928267153996e-02 2.763736410853175410e-02
2.960999999999999854e+00 -3.566869485865727801e-02 1.005183547095876151e-01
3.000999999999999890e+00 -4.096628765943854944e-02 1.472138978740899495e-01
3.040999999999999925e+00 -4.744580668858447425e-02 1.540009288179477742e-01
3.080999999999999961e+00 -5.328636196487437221e-02 1.329515359925911855e-01
3.120999999999999996e+00 -5.808192956799176909e-02 1.065445639539423922e-01
3.161000000000000032e+00 -6.180992708118976386e-02 8.127936334650816275e-02
3.201000000000000068e+00 -6.458427863571242211e-02 6.505870702649806103e-02
3.241000000000000103e+00 -6.701462364330960930e-02 6.940998224329551769e-02
3.281000000000000139e+00 -7.013707721517606353e-02 8.359156746688446715e-02
3.321000000000000174e+00 -7.370194904066036667e-02 8.582358875604406689e-02
3.360999999999999766e+00 -7.700296431565958888e-02 7.361596889799079668e-02
3.400999999999999801e+00 -7.959122655249963041e-02 5.181098213853322504e-02
3.440999999999999837e+00 -8.114784288674224688e-02 1.895928660871105953e-02
3.480999999999999872e+00 -8.110796948119651517e-02 -2.235423623939015308e-02
3.520999999999999908e+00 -7.935950398759103463e-02 -6.075198565463676287e-02
3.560999999999999943e+00 -7.624781062882557414e-02 -9.210902144576038619e-02
3.600999999999999979e+00 -7.199078227193020374e-02 -1.209308226399533753e-01
3.641000000000000014e+00 -6.657334481762930412e-02 -1.489493317010329998e-01
3.681000000000000050e+00 -6.007483573584756348e-02 -1.745340840571651120e-01
3.721000000000000085e+00 -5.261061809305609543e-02 -1.967493977803396188e-01
3.761000000000000121e+00 -4.433488391342039342e-02 -2.131586134237753172e-01
3.801000000000000156e+00 -3.555792901915406923e-02 -2.193957338478434438e-01
3.840999999999999748e+00 -2.678322520559291847e-02 -2.127699980108707090e-01
3.880999999999999783e+00 -1.853632917828441223e-02 -1.923865535191992826e-01
3.920999999999999819e+00 -1.139230092405697607e-02 -1.644096134929657615e-01
3.960999999999999854e+00 -5.383560098847152593e-03 -1.424037615507121879e-01
4.001000000000000334e+00 0.000000000000000000e+00 -1.345890024711788036e-01
