0.000000000000000000e+00 3.976210296176201382e+02 2.780291810039823730e+01
1.578689775673262907e-02 3.971821077922303402e+02 5.560583620079287925e+01
3.157379551346525814e-02 3.958653423160610600e+02 1.112116724015893539e+02
4.736069327019788722e-02 3.936707331891120702e+02 1.668175086023822189e+02
6.314759102693051629e-02 3.905982804113837119e+02 2.224233448031733076e+02
7.893448878366314536e-02 3.866479839828757008e+02 2.502262629035733426e+02
9.472138654039577443e-02 3.826976875543676897e+02 2.502262629035715520e+02
1.105082842971284035e-01 3.787473911258597354e+02 2.502262629035715520e+02
1.262951820538610326e-01 3.747970946973517243e+02 2.502262629035715520e+02
1.420820798105936755e-01 3.708467982688437701e+02 2.502262629035715520e+02
1.578689775673262907e-01 3.668965018403357590e+02 2.502262629035715520e+02
1.736558753240589059e-01 3.629462054118278047e+02 2.502262629035715520e+02
1.894427730807915489e-01 3.589959089833197936e+02 2.502262629035715520e+02
2.052296708375241918e-01 3.550456125548118393e+02 2.502262629035715520e+02
2.210165685942568070e-01 3.510953161263038282e+02 2.502262629035733426e+02
2.368034663509894222e-01 3.471450196977958171e+02 2.502262629035715520e+02
2.525903641077220652e-01 3.431947232692878629e+02 2.502262629035715520e+02
2.683772618644547081e-01 3.392444268407798518e+02 2.502262629035715520e+02
2.841641596211873511e-01 3.352941304122718975e+02 2.502262629035715520e+02
2.999510573779199385e-01 3.313438339837638864e+02 2.502262629035715520e+02
3.157379551346525814e-01 3.273935375552559321e+02 2.502262629035715520e+02
3.315248528913852244e-01 3.234432411267479210e+02 2.502262629035715520e+02
3.473117506481178118e-01 3.194929446982399668e+02 2.502262629035715520e+02
3.630986484048504548e-01 3.155426482697319557e+02 2.502262629035733426e+02
3.788855461615830977e-01 3.115923518412239446e+02 2.502262629035715520e+02
3.946724439183157407e-01 3.076420554127159903e+02 2.502262629035715520e+02
4.104593416750483836e-01 3.036917589842079792e+02 2.502262629035715520e+02
4.262462394317809711e-01 2.997414625557000250e+02 2.502262629035715520e+02
4.420331371885136140e-01 2.957911661271920138e+02 2.502262629035715520e+02
4.578200349452462570e-01 2.918408696986840596e+02 2.502262629035733426e+02
4.736069327019788444e-01 2.878905732701759916e+02 2.502262629035733426e+02
4.893938304587114874e-01 2.839402768416680374e+02 2.502262629035697330e+02
5.051807282154441303e-01 2.799899804131600831e+02 2.502262629035715520e+02
5.209676259721767178e-01 2.760396839846520720e+02 2.502262629035715520e+02
5.367545237289094162e-01 2.720893875561441178e+02 2.502262629035715520e+02
5.525414214856420037e-01 2.681390911276361066e+02 2.502262629035733426e+02
5.683283192423747021e-01 2.641887946991280955e+02 2.502262629035715520e+02
5.841152169991072896e-01 2.602384982706201413e+02 2.502262629035697330e+02
5.999021147558398770e-01 2.562882018421121870e+02 2.502262629035724331e+02
6.156890125125725755e-01 2.523379054136041475e+02 2.502262629035715520e+02
6.314759102693051629e-01 2.483876089850962217e+02 2.502262629035706425e+02
6.472628080260377503e-01 2.444373125565882106e+02 2.502262629035733426e+02
6.630497057827704488e-01 2.404870161280801995e+02 2.502262629035724331e+02
6.788366035395030362e-01 2.365367196995722168e+02 2.502262629035706425e+02
6.946235012962356237e-01 2.325864232710642625e+02 2.502262629035706425e+02
7.104103990529683221e-01 2.286361268425562798e+02 2.502262629035715520e+02
7.261972968097009096e-01 2.246858304140482971e+02 2.502262629035724331e+02
7.419841945664336080e-01 2.207355339855402860e+02 2.502262629035724331e+02
7.577710923231661955e-01 2.167852375570323034e+02 2.502262629035715520e+02
7.735579900798987829e-01 2.128349411285243207e+02 2.502262629035715520e+02
7.893448878366314814e-01 2.088846447000163380e+02 2.502262629035724331e+02
8.051317855933640688e-01 2.049343482715083269e+02 2.502262629035724331e+02
8.209186833500967673e-01 2.009840518430003442e+02 2.502262629035715520e+02
8.367055811068293547e-01 1.970337554144923615e+02 2.502262629035706425e+02
8.524924788635619421e-01 1.930834589859844073e+02 2.502262629035715520e+02
8.682793766202946406e-01 1.891331625574763962e+02 2.502262629035724331e+02
8.840662743770272280e-01 1.851828661289684135e+02 2.502262629035706425e+02
8.998531721337598155e-01 1.812325697004604592e+02 2.502262629035706425e+02
9.156400698904925139e-01 1.772822732719524765e+02 2.502262629035724331e+02
9.314269676472251014e-01 1.733319768434444654e+02 2.502262629035724331e+02
9.472138654039576888e-01 1.693816804149364827e+02 2.502262629035715520e+02
9.630007631606903873e-01 1.654313839864285001e+02 2.502262629035715520e+02
9.787876609174229747e-01 1.614810875579205174e+02 2.502262629035715520e+02
9.945745586741556732e-01 1.575307911294125347e+02 2.502262629035724331e+02
1.010361456430888261e+00 1.535804947009045236e+02 2.502262629035715520e+02
1.026148354187620848e+00 1.496301982723965693e+02 2.502262629035706425e+02
1.041935251944353436e+00 1.456799018438885867e+02 2.502262629035724331e+02
1.057722149701086245e+00 1.417296054153805756e+02 2.502262629035724331e+02
1.073509047457818832e+00 1.377793089868725929e+02 2.502262629035724331e+02
1.089295945214551420e+00 1.338290125583645818e+02 2.502262629035724331e+02
1.105082842971284007e+00 1.298787161298565991e+02 2.502262629035715520e+02
1.120869740728016595e+00 1.259284197013486164e+02 2.502262629035710972e+02
1.136656638484749404e+00 1.219781232728406479e+02 2.502262629035710972e+02
1.152443536241481992e+00 1.180278268443326652e+02 2.502262629035720067e+02
1.168230433998214579e+00 1.140775304158246684e+02 2.502262629035715520e+02
1.184017331754947167e+00 1.101272339873166999e+02 2.502262629035715520e+02
1.199804229511679754e+00 1.061769375588087030e+02 2.427579885115283673e+02
1.215591127268412341e+00 1.024624428987935545e+02 2.427579885115274863e+02
1.231378025025145151e+00 9.851214647028558602e+01 2.358795728763922170e+02
1.247164922781877738e+00 9.501482949899082087e+01 2.189970324693307759e+02
1.262951820538610326e+00 9.159757894904322484e+01 2.089065628280273188e+02
1.278738718295342913e+00 8.841885640283780390e+01 1.997916461746569610e+02
1.294525616052075501e+00 8.528939836742600278e+01 1.848550973905692842e+02
1.310312513808808310e+00 8.258227935820626442e+01 1.489581843141905892e+02
1.326099411565540898e+00 8.058622311583268072e+01 1.146620240339458690e+02
1.341886309322273485e+00 7.896196405819841857e+01 1.101449689215803005e+02
1.357673207079006072e+00 7.710852839026571814e+01 1.013798049071981922e+02
1.373460104835738660e+00 7.576101882886354133e+01 9.405521702994559519e+01
1.389247002592471247e+00 7.413884820078762061e+01 9.941069524313930117e+01
1.405033900349204057e+00 7.262224586540524740e+01 1.031497238457971974e+02
1.420820798105936644e+00 7.088201991281000858e+01 8.451509878499102513e+01
1.436607695862669232e+00 6.995378341856762461e+01 5.875651960478670333e+01
1.452394593619401819e+00 6.902685357772556074e+01 7.007729926923427399e+01
1.468181491376134407e+00 6.774117710130491332e+01 1.087946289880135566e+02
1.483968389132867216e+00 6.559179420909470082e+01 1.174856743461375430e+02
1.499755286889599804e+00 6.403170844373839543e+01 1.148424556393130871e+02
1.515542184646332391e+00 6.196578199847482438e+01 1.296481495888109237e+02
1.531329082403064978e+00 5.993822427992212454e+01 1.346063965833888858e+02
1.547115980159797566e+00 5.771574715794649535e+01 1.289662087332244766e+02
1.562902877916530375e+00 5.586627157723241766e+01 1.119331601687527638e+02
1.578689775673262963e+00 5.418159244760234117e+01 1.065554527023626861e+02
1.594476673429995550e+00 5.250191150276329921e+01 1.009507220193248997e+02
1.610263571186728138e+00 5.099419499362750230e+01 7.219816951921937687e+01
1.626050468943460725e+00 5.022234126191696646e+01 8.085490939937770349e+01
1.641837366700193535e+00 4.844129861799179082e+01 1.025817048842936998e+02
1.657624264456926122e+00 4.698344748847763697e+01 9.401332265874106042e+01
1.673411162213658709e+00 4.547294119282327074e+01 7.168447799756614813e+01
1.689198059970391297e+00 4.472009643869298401e+01 5.215363164875833490e+01
1.704984957727123884e+00 4.382625309186078510e+01 7.265570428198171271e+01
1.720771855483856472e+00 4.242608008880689141e+01 9.540353230246186911e+01
1.736558753240589281e+00 4.081400147168057657e+01 1.217813638746949181e+02
1.752345650997321869e+00 3.858098020847636889e+01 1.390828665104995423e+02
1.768132548754054456e+00 3.642262748505147840e+01 1.254418461569870544e+02
1.783919446510787044e+00 3.462030500908409181e+01 1.020896186210927681e+02
1.799706344267519631e+00 3.319927074266144018e+01 8.125736437438445137e+01
1.815493242024252440e+00 3.205470160236414046e+01 8.180307648120478348e+01
1.831280139780985028e+00 3.061643713347152129e+01 8.931029602720954585e+01
1.847067037537717615e+00 2.923483657835397764e+01 9.703038010476004160e+01
1.862853935294450203e+00 2.755281975345002010e+01 1.014262479954727070e+02
1.878640833051182790e+00 2.603242496444690701e+01 9.114738665910836346e+01
1.894427730807915378e+00 2.467495080548858155e+01 8.981186073794626168e+01
1.910214628564648187e+00 2.319672363882317256e+01 8.541708244376023629e+01
1.926001526321380775e+00 2.197800931105249234e+01 8.081365271604860823e+01
1.941788424078113362e+00 2.064512989327045744e+01 8.637837467714470563e+01
1.957575321834845949e+00 1.925071617221083997e+01 8.921454473642252481e+01
1.973362219591578537e+00 1.782828810093575456e+01 8.938400300434808798e+01
1.989149117348311346e+00 1.642852393917658915e+01 8.263836458954843067e+01
2.004936015105043712e+00 1.521908127581816395e+01 8.167450268738551244e+01
2.020722912861776521e+00 1.384974989266111045e+01 7.463420940458364328e+01
2.036509810618509331e+00 1.286259600976869422e+01 6.337860622810659805e+01
2.052296708375241696e+00 1.184864673968643700e+01 5.816142611000829987e+01
2.068083606131974506e+00 1.102621903499977307e+01 5.370159145379338383e+01
2.083870503888706871e+00 1.015308367237671128e+01 5.379097026570518381e+01
2.099657401645439680e+00 9.327833939359507553e+00 5.447824319365778933e+01
2.115444299402172490e+00 8.432998761847329661e+00 5.012993257496071209e+01
2.131231197158904855e+00 7.745041699133897062e+00 4.322846542030868022e+01
2.147018094915637665e+00 7.068112034305599423e+00 3.775549099938417186e+01
2.162804992672370030e+00 6.552957546808863221e+00 3.415244014594799182e+01
2.178591890429102840e+00 5.989789872851575936e+00 2.304212961607166221e+01
2.194378788185835649e+00 5.825430058116254806e+00 1.053422321514786120e+01
2.210165685942568015e+00 5.657184463163298815e+00 6.127450980461674135e+00
2.225952583699300824e+00 5.631963173840375703e+00 -1.785275545206377323e-01
2.241739481456033189e+00 5.662821255663252451e+00 -8.055616114753027190e+00
2.257526379212765999e+00 5.886309549782563266e+00 -1.219065467540902681e+01
2.273313276969498808e+00 6.047726493559886229e+00 -1.081699758849506132e+01
2.289100174726231174e+00 6.227843219711353129e+00 -1.445172429852630280e+01
2.304887072482963983e+00 6.504022281378532888e+00 -1.676199823587005966e+01
2.320673970239696349e+00 6.757083124407779806e+00 -1.286540408018210435e+01
2.336460867996429158e+00 6.910231919004304224e+00 -1.131391719830908471e+01
2.352247765753161524e+00 7.114306432483468612e+00 -1.489532159646358345e+01
2.368034663509894333e+00 7.380533757198348255e+00 -1.616756387646397286e+01
2.383821561266627143e+00 7.624777788269829770e+00 -1.264547724927949979e+01
2.399608459023359508e+00 7.779799470037276343e+00 -1.585236203435070834e+01
2.415395356780092317e+00 8.125297025547839169e+00 -1.414081111058312601e+01
2.431182254536824683e+00 8.226278548437365501e+00 2.291961340493228860e+00
2.446969152293557492e+00 8.052931106858338239e+00 1.152678966453593823e+01
2.462756050050290302e+00 7.862334048642583006e+00 1.361583716398478749e+01
2.478542947807022667e+00 7.623027448498041814e+00 1.545224262711377250e+01
2.494329845563755477e+00 7.374448099709641546e+00 1.831638595479238063e+01
2.510116743320487842e+00 7.044709623815720079e+00 1.721200832604850106e+01
2.525903641077220652e+00 6.830999668446924744e+00 1.670673542376556142e+01
2.541690538833953461e+00 6.517214575848179869e+00 2.681677349174288238e+01
2.557477436590685826e+00 5.984292345887719300e+00 2.903259617904065237e+01
2.573264334347418636e+00 5.600545320866137544e+00 2.368591028306854085e+01
2.589051232104151001e+00 5.236438258059829209e+00 2.240466147689472720e+01
2.604838129860883811e+00 4.893145120846250862e+00 2.536979633643690946e+01
2.620625027617616620e+00 4.435417496314910224e+00 2.798766192694979438e+01
2.636411925374348986e+00 4.009468406264740992e+00 2.632221520242771717e+01
2.652198823131081795e+00 3.604325256052030912e+00 2.845196414671182339e+01
2.667985720887814161e+00 3.111131908340016849e+00 2.664865167274237479e+01
2.683772618644546970e+00 2.762926177427299290e+00 2.031792075874286851e+01
2.699559516401279780e+00 2.469618033044678640e+00 1.513677596322295038e+01
2.715346414158012145e+00 2.285000708431361716e+00 7.639036961358503852e+00
2.731133311914744954e+00 2.228424642106942244e+00 7.338492024348788334e-01
2.746920209671477320e+00 2.261830303775963280e+00 -4.095608127696977796e+00
2.762707107428210129e+00 2.357738535634132937e+00 -4.089839703708816110e+00
2.778494005184942495e+00 2.390962066263716768e+00 -1.476291723819236701e+01
2.794280902941675304e+00 2.823859865695030003e+00 -2.409525718399173755e+01
2.810067800698408114e+00 3.151740789435426571e+00 -2.812886318800656937e+01
2.825854698455140479e+00 3.711994840019389841e+00 -3.958035612657955227e+01
2.841641596211873289e+00 4.401442860126181245e+00 -5.067388321908529747e+01
2.857428493968605654e+00 5.311961666652007530e+00 -6.928323690300386772e+01
2.873215391725338463e+00 6.588977614612595346e+00 -8.062988657528912029e+01
2.889002289482071273e+00 7.857753217654083855e+00 -7.510482938641371220e+01
2.904789187238803638e+00 8.960322139732918245e+00 -7.468092634476964520e+01
2.920576084995536448e+00 1.021571351482000090e+01 -5.961119761360031077e+01
2.936362982752268813e+00 1.084247390349750262e+01 -5.678578912052285688e+01
2.952149880509001623e+00 1.200865640858214967e+01 -6.217260424611346536e+01
2.967936778265734432e+00 1.280549899650389101e+01 -5.659392887755476664e+01
2.983723676022466798e+00 1.379554154626566032e+01 -7.526578306643993699e+01
2.999510573779199607e+00 1.518192544020450185e+01 -1.118761189886598686e+02
3.015297471535931972e+00 1.732789525005371445e+01 -1.599587939448189786e+02
3.031084369292664782e+00 2.023243169079874093e+01 -2.164426311026024052e+02
3.046871267049397591e+00 2.416181062488367814e+01 -2.437951664301341452e+02
3.062658164806129957e+00 2.792997042283502651e+01 -2.458995939138547726e+02
3.078445062562862766e+00 3.192579411996387506e+01 -2.380373018996092185e+02
3.094231960319595132e+00 3.544571151759028282e+01 -2.261362894222524176e+02
3.110018858076327941e+00 3.906577508035586987e+01 -2.398222829773360729e+02
3.125805755833060751e+00 4.301781123988909172e+01 -2.551208640435895916e+02
3.141592653589793116e+00 4.712090907288673947e+01 -2.599052642402654669e+02
