1.000000000000000021e-03 7.978021474770255850e+01 1.495145083990294665e+01
4.100000000000000172e-02 7.918215671410644063e+01 2.691261151182526845e+01
8.100000000000000255e-02 7.762720582675653702e+01 4.784464268768946482e+01
1.209999999999999964e-01 7.535458529909128345e+01 6.279609352759241148e+01
1.610000000000000042e-01 7.260351834454914410e+01 7.176696403153410131e+01
2.010000000000000120e-01 6.961322817656855477e+01 7.475725419951473327e+01
2.409999999999999920e-01 6.662293800858796544e+01 7.475725419951473327e+01
2.810000000000000275e-01 6.363264784060737611e+01 7.475725419951473327e+01
3.210000000000000075e-01 6.064235767262678678e+01 7.475725419951464801e+01
3.609999999999999876e-01 5.765206750464620455e+01 7.475725419951464801e+01
4.010000000000000231e-01 5.466177733666561522e+01 7.475725419951464801e+01
4.410000000000000031e-01 5.167148716868503300e+01 7.475725419951464801e+01
4.809999999999999831e-01 4.868119700070444367e+01 7.475725419951473327e+01
5.210000000000000187e-01 4.569090683272385434e+01 7.475725419951473327e+01
5.610000000000000542e-01 4.270061666474326501e+01 7.475725419951473327e+01
6.009999999999999787e-01 3.971032649676267567e+01 7.475725419951464801e+01
6.410000000000000142e-01 3.672003632878209345e+01 7.475725419951464801e+01
6.810000000000000497e-01 3.372974616080150412e+01 7.475725419951464801e+01
7.209999999999999742e-01 3.073945599282092189e+01 7.475725419951464801e+01
7.610000000000000098e-01 2.774916582484033256e+01 7.471373403122427703e+01
8.010000000000000453e-01 2.476235727032297973e+01 7.467021386293377816e+01
8.409999999999999698e-01 2.177554871580563045e+01 7.434698978546467174e+01
8.810000000000000053e-01 1.881459808748580542e+01 7.303418536479067313e+01
9.210000000000000409e-01 1.593281388662237674e+01 7.006391283812685344e+01
9.609999999999999654e-01 1.320948506043565729e+01 6.514587544017192045e+01
1.000999999999999890e+00 1.072114385140862325e+01 5.806768926670453368e+01
1.040999999999999925e+00 8.564069919099294381e+00 4.927956802493888233e+01
1.080999999999999961e+00 6.778778409413512840e+00 4.010489539400766290e+01
1.120999999999999996e+00 5.355678287578681029e+00 3.183030585687664882e+01
1.160999999999999810e+00 4.232353940863380792e+00 2.504630348299547293e+01
1.200999999999999845e+00 3.351974008939043070e+00 1.982295513378495855e+01
1.240999999999999881e+00 2.646517530160584109e+00 1.603991835477224370e+01
1.280999999999999917e+00 2.068780540557263681e+00 1.334825941784153258e+01
1.320999999999999952e+00 1.578656776733261546e+00 1.133479555620677814e+01
1.360999999999999988e+00 1.161996896060721429e+00 9.828175791889808721e+00
1.401000000000000023e+00 7.924027133820767954e-01 8.988766179299281234e+00
1.440999999999999837e+00 4.428956017167789416e-01 8.631647288973956833e+00
1.480999999999999872e+00 1.018709302641602338e-01 8.309072903728734971e+00
1.520999999999999908e+00 -2.218302305815199049e-01 7.708931257493942368e+00
1.560999999999999943e+00 -5.148435703353551052e-01 6.728943193924696864e+00
1.600999999999999979e+00 -7.601456860954955985e-01 5.426192836351085624e+00
1.641000000000000014e+00 -9.489389972434419951e-01 4.099801365457716784e+00
1.680999999999999828e+00 -1.088129795332112959e+00 2.943401587374165462e+00
1.720999999999999863e+00 -1.184411124233375245e+00 2.003062807415412205e+00
1.760999999999999899e+00 -1.248374819925345935e+00 1.320950218234340223e+00
1.800999999999999934e+00 -1.290087141692122463e+00 8.077425377929353667e-01
1.840999999999999970e+00 -1.312994222948780765e+00 3.348612223358943263e-01
1.881000000000000005e+00 -1.316876039478994009e+00 -1.132898385084596393e-01
1.920999999999999819e+00 -1.303931035868103994e+00 -5.007363901255890148e-01
1.960999999999999854e+00 -1.276817128268946888e+00 -8.426610928367522790e-01
2.000999999999999890e+00 -1.236518148441163811e+00 -1.142144892072377571e+00
2.040999999999999925e+00 -1.185445536903156682e+00 -1.406048114634458779e+00
2.080999999999999961e+00 -1.124034299270407100e+00 -1.605383175499663917e+00
2.120999999999999996e+00 -1.057014882863183569e+00 -1.702080631570666913e+00
2.161000000000000032e+00 -9.878678487447537515e-01 -1.711883977273520596e+00
2.201000000000000068e+00 -9.200641646813019214e-01 -1.658382367329112927e+00
2.241000000000000103e+00 -8.551972593584247218e-01 -1.589493509023964801e+00
2.281000000000000139e+00 -7.929046839593847373e-01 -1.541358873675963137e+00
2.320999999999999730e+00 -7.318885494643476708e-01 -1.508020517424810025e+00
2.360999999999999766e+00 -6.722630425653999264e-01 -1.465309267647071811e+00
2.400999999999999801e+00 -6.146638080525819170e-01 -1.431665475264039200e+00
2.440999999999999837e+00 -5.577298045442767860e-01 -1.395799642426101439e+00
2.480999999999999872e+00 -5.029998366584937930e-01 -1.329712204170035328e+00
2.520999999999999908e+00 -4.513528282106739620e-01 -1.244570159738504822e+00
2.560999999999999943e+00 -4.034342238794134117e-01 -1.150382080478386859e+00
2.600999999999999979e+00 -3.593222617724030066e-01 -1.019275655878538966e+00
2.641000000000000014e+00 -3.218921714091302899e-01 -8.459895661644872833e-01
2.681000000000000050e+00 -2.916430964792440239e-01 -6.690593975741503385e-01
2.721000000000000085e+00 -2.683674196031982651e-01 -5.123415000875340963e-01
2.761000000000000121e+00 -2.506557764722412984e-01 -3.922870942594948174e-01
2.801000000000000156e+00 -2.369844520624386774e-01 -3.310454607263764171e-01
2.840999999999999748e+00 -2.241721396141311828e-01 -3.307609487994869757e-01
2.880999999999999783e+00 -2.105235761584797194e-01 -3.593291491998613640e-01
2.920999999999999819e+00 -1.954258076781422715e-01 -3.847144762847576893e-01
2.960999999999999854e+00 -1.797464180556991031e-01 -3.887347328900607191e-01
3.000999999999999890e+00 -1.643270290469374117e-01 -3.643057054694524566e-01
3.040999999999999925e+00 -1.506019616181429044e-01 -3.103500746860124448e-01
3.080999999999999961e+00 -1.394990230720564162e-01 -2.375225571753017961e-01
3.120999999999999996e+00 -1.316001570441187596e-01 -1.681083954948280057e-01
3.161000000000000032e+00 -1.260503514324701757e-01 -1.223978637836931338e-01
3.201000000000000068e+00 -1.218083279414233083e-01 -9.672290208567607683e-02
3.241000000000000103e+00 -1.183125192656160896e-01 -8.415856469880557411e-02
3.281000000000000139e+00 -1.150756427655188624e-01 -8.612603642743250909e-02
3.321000000000000174e+00 -1.114224363514214888e-01 -1.007069055209764835e-01
3.360999999999999766e+00 -1.070190903238407432e-01 -1.144084340501135971e-01
3.400999999999999801e+00 -1.022697616274124005e-01 -1.250661007779837741e-01
3.440999999999999837e+00 -9.701380226160204179e-02 -1.393141635309007309e-01
3.480999999999999872e+00 -9.112462854494034203e-02 -1.559059716424402164e-01
3.520999999999999908e+00 -8.454132453020682392e-02 -1.694578084789123973e-01
3.560999999999999943e+00 -7.756800386662734970e-02 -1.822582137245540856e-01
3.600999999999999979e+00 -6.996066743224249596e-02 -1.977107311000542711e-01
3.641000000000000014e+00 -6.175114537862300829e-02 -2.107025459990029825e-01
3.681000000000000050e+00 -5.310446375232225763e-02 -2.180567728318769383e-01
3.721000000000000085e+00 -4.430660355207285267e-02 -2.195774874441563662e-01
3.761000000000000121e+00 -3.553826475678974889e-02 -2.143591232857634532e-01
3.801000000000000156e+00 -2.715787368921177697e-02 -1.997186493500231752e-01
3.840999999999999748e+00 -1.956077280878789487e-02 -1.764724016572152832e-01
3.880999999999999783e+00 -1.304008155663455293e-02 -1.475236396879752443e-01
3.920999999999999819e+00 -7.758881633749875953e-03 -1.184845267010378594e-01
3.960999999999999854e+00 -3.561319420551524884e-03 -9.698602042187344507e-02
4.001000000000000334e+00 0.000000000000000000e+00 -8.903298551378811820e-02
